proba,pred
0.17800272057157743,0
0.3912053377686201,0
0.5871878172682135,1
0.1315580057543534,0
0.6338120125807437,1
0.294698315281604,0
0.2205883957179888,0
0.3171516422689927,0
0.06788652897238368,0
0.655709695039947,1
0.5218905630323222,1
0.7657914205060566,1
0.7315697331446168,1
0.30230724886301696,0
0.7702726538272576,1
0.5928688151803913,1
0.6126855473588114,1
0.4396187435450754,0
0.5842363727624716,1
0.7879232779629933,1
0.18511828296599855,0
0.6373852383113312,1
0.2954660408883579,0
0.24203290428812352,0
0.8524146868869065,1
0.4062260932242931,0
0.2434614120665541,0
0.3248321910235875,0
0.43948112531325667,0
0.5684687115772763,1
0.4679434257823292,1
0.6816336954468853,1
0.32329080087114564,0
0.23656894625325617,0
0.26192385596629236,0
0.3409036039530426,0
0.44115780290118445,0
0.31372650225151916,0
0.30615536608160804,0
0.4649671590688151,1
0.4747138197287012,1
0.5778145331353515,1
0.5298822960659342,1
0.6716918613144987,1
0.6972815912428395,1
0.3258837693186753,0
0.47245554071106755,1
0.36645251305684035,0
0.3483365718897664,0
0.5946097944012911,1
0.8565269765755797,1
0.45786227382152517,1
0.7632811508599578,1
0.71463509117622,1
0.4966480044812703,1
0.5586285116898235,1
0.33605019672780784,0
0.8565558279279434,1
0.21657569715247144,0
0.36281876451498535,0
0.6960025449683831,1
0.7392731131670647,1
0.6475562519376377,1
0.26854626601230663,0
0.8280012855380345,1
0.5802889253218958,1
0.7351567894989888,1
0.46805693464811476,1
0.6141649292282125,1
0.42805617501976073,0
0.5640131470958467,1
0.5311031910432541,1
0.3802690170452044,0
0.7089579716248188,1
0.5976389177088123,1
0.8265962439645809,1
0.5471617964610435,1
0.6737593738533489,1
0.15825062978191806,0
0.7120859405627104,1
0.21864041112721655,0
0.6882990210040559,1
0.680114547003715,1
0.5984564122062641,1
0.6028934399129531,1
0.7128479022769036,1
0.6153652471066697,1
0.524732135208726,1
0.5106737958324509,1
0.4559779755414153,1
0.339082999474429,0
0.5754185289041023,1
0.5287775853738576,1
0.4470897665683011,0
0.5085384936347298,1
0.7040850271860934,1
0.4800899707406086,1
0.3090238281043579,0
0.28015927903307913,0
0.6424268152353927,1
0.5754641216652446,1
0.5497618643171832,1
0.0981769238870999,0
0.48459797553223505,1
0.5127573668256695,1
0.4601024776277433,1
0.38876017475930147,0
0.5727040356400318,1
0.08025034469505701,0
0.49996880712331654,1
0.1207772949429433,0
0.31429697812984575,0
0.4769321876975857,1
0.7995332197615082,1
0.542429705468275,1
0.5798193087598544,1
0.49967370215580625,1
0.17694033470365864,0
0.2205919608406267,0
0.8661579685329951,1
0.7547068492476358,1
0.3380536179831214,0
0.47133063345283205,1
0.5459307350904331,1
0.07360394140863126,0
0.5136744256476289,1
0.40211636540009427,0
0.4022001689113234,0
0.23221775297746525,0
0.747661288365831,1
0.7524537504684929,1
0.5691053954834957,1
0.737770386225309,1
0.6294126059330636,1
0.1833292536136644,0
0.3371158042293801,0
0.6970857709796758,1
0.7647658616783978,1
0.6933725830201402,1
0.2072211201469263,0
0.7459188254251558,1
0.3612189741470812,0
0.7859915628498145,1
0.5580799628690976,1
0.3286545785234382,0
0.18552129513388183,0
0.1039228819161577,0
0.6314669445359178,1
0.45357374635212055,1
0.1951619860395621,0
0.654973527353258,1
0.642563797228797,1
0.5881718434409913,1
0.4942356130485467,1
0.5295346259569811,1
0.6012008336013805,1
0.39905482676862114,0
0.7382504693322853,1
0.35984073635580793,0
0.6057693588212381,1
0.6316580685168005,1
0.7670566996054687,1
0.3789456449826798,0
0.15927225215132482,0
0.7431627442369205,1
0.3747837969797701,0
0.6254665214957147,1
0.22141114523005972,0
0.7400130931333454,1
0.48653383544444506,1
0.6587409289470902,1
0.3270779520569109,0
0.8561002273726663,1
0.5586880354883048,1
0.3812242070264252,0
0.7161853622688638,1
0.7523866179840786,1
0.8114073964303445,1
0.32066245523085307,0
0.3066220921082762,0
0.6291221042210084,1
0.18318280226891537,0
0.7012320134816605,1
0.3754518894781096,0
0.24957714697364355,0
0.36392327057979384,0
0.36418661701092647,0
0.3955777938002716,0
0.8014675076050756,1
0.39622982878740576,0
0.7436390299898142,1
0.1014527433709461,0
0.7008625022397509,1
0.1392929098166623,0
0.2873325973926849,0
0.20486269244917304,0
0.09434218506104391,0
0.42017674920708586,0
0.46662672271277006,1
0.29546163573785456,0
0.24392502244625566,0
0.3069929748567731,0
0.6826250100402964,1
0.6981352391280607,1
0.3273398830701474,0
0.5083136048086164,1
0.7818812514122491,1
0.43062672227681037,0
0.6265324254489038,1
0.1457590745726171,0
0.6120273809082765,1
0.12402195554001225,0
0.723205686292539,1
0.4965700184379247,1
0.5410366305294471,1
0.5231860855859921,1
0.7173141992091779,1
0.466794439591134,1
0.23195016297116,0
0.14103353632924762,0
0.5588446963676231,1
0.1823194388026939,0
0.1658128933198433,0
0.5095645411690993,1
0.24775570863939492,0
0.6251229447685822,1
0.10130221648208398,0
0.19181129628836954,0
0.7524217308365725,1
0.42855254361200007,0
0.7879184907184738,1
0.21296458615365885,0
0.3884047098115361,0
0.3571230548883983,0
0.7597591945946081,1
0.2337225237500049,0
0.5556356503913713,1
0.2273813581329485,0
0.7112053133621722,1
0.426082197246566,0
0.495292063190401,1
0.7584214154835467,1
0.0776459454390397,0
0.07237967968832536,0
0.7580501826130125,1
0.6636539546575455,1
0.12487163381199576,0
0.7851079653133741,1
0.7707735847083572,1
0.6425364165615245,1
0.7198535095232466,1
0.758764328643964,1
0.10665374886174125,0
0.4655229339573203,1
0.7615987728883274,1
0.1851510208102215,0
0.4326342174307677,0
0.7265517500544558,1
0.579253455587069,1
0.23475264589209183,0
0.4554159574987515,1
0.35939310313904943,0
0.4591975126337761,1
0.700058891487091,1
0.18053418327329393,0
0.6571888581345018,1
0.3114202225089281,0
0.32431023249824975,0
0.4033528582821425,0
0.5457559117831732,1
0.6957792634206543,1
0.7567023256559353,1
0.5069800509631721,1
0.7922280337806025,1
0.6566083025798303,1
0.6463680846603589,1
0.43434840209521525,0
0.12119482300879447,0
0.5406584053856685,1
0.6981620561742925,1
0.680454091933733,1
0.7296341772238302,1
0.07894341934985218,0
0.7633951206729634,1
0.7537245314359472,1
0.3486321021143392,0
0.14579334844719852,0
0.7501974979179366,1
0.3128758395270092,0
0.32839254795941836,0
0.6121172887430062,1
0.8025180742125644,1
0.31267688270312527,0
0.42189825495375277,0
0.5329897512382453,1
0.7912663146913935,1
0.44862588935536624,0
0.8811399313141809,1
0.6631450003689972,1
0.4892869945883823,1
0.34480603505899227,0
0.7432020204706313,1
0.8766498487744748,1
0.34271596667350573,0
0.8198698693131484,1
0.6703203503900362,1
0.3854404020424182,0
0.7509138308045985,1
0.5694828847141363,1
0.7742906053172027,1
0.674335670613524,1
0.22579832655304363,0
0.4444588928587937,0
0.10856822572927241,0
0.7937880631157169,1
0.40650508823323367,0
0.6014610661416341,1
0.6746172801180929,1
0.6219550981922286,1
0.5714860232825467,1
0.40684269273949836,0
0.7808316472274895,1
0.4866318165899643,1
0.20778804274819998,0
0.30438913885963326,0
0.4706456979475156,1
0.8479991820270668,1
0.16423662952114568,0
0.4437281625388533,0
0.5451535192420588,1
0.25387383854290424,0
0.5093917462010539,1
0.870245459605361,1
0.376907524099153,0
0.6228665962696442,1
0.7272679737232649,1
0.20333038358013067,0
0.7105280754234842,1
0.5779983225354486,1
0.44934334929691994,0
0.39616561995378896,0
0.5071569955367361,1
0.2541771098289122,0
0.40126436254422604,0
0.12500926720721572,0
0.33783761941590423,0
0.4825139574638531,1
0.6681560672752346,1
0.2518336209674285,0
0.7767794647393633,1
0.4831786092496001,1
0.33135780239142004,0
0.44165784072342046,0
0.35878646756623633,0
0.19988320445098673,0
0.3525099556625586,0
0.2670437027620567,0
0.8430405722071336,1
0.5694450483000637,1
0.18658712217810064,0
0.4936546494642826,1
0.3723312317916127,0
0.4557834359417668,1
0.7251762322766715,1
0.6568644822281494,1
0.0943126930285312,0
0.7335642717246815,1
0.4170430138287588,0
0.5785790657953903,1
0.6246699704405615,1
0.7536313506371971,1
0.854999991942495,1
0.8328110633802741,1
0.35487994530880695,0
0.6604808370746157,1
0.7555961785686841,1
0.31039174958577515,0
0.6171784650959815,1
0.560595587935352,1
0.7474249110290183,1
0.7745699872363793,1
0.7881294231051332,1
0.4585633160949931,1
0.6911170176899978,1
0.7709513706050416,1
0.513379566521156,1
0.7409946173277989,1
0.8098200216301298,1
0.5340532689741562,1
0.6056783880219835,1
0.6368839324400056,1
0.4270001105373751,0
0.7642655024207311,1
0.67562739016407,1
0.2576031633649912,0
0.6612695934229915,1
0.853721307839339,1
0.3140800543230495,0
0.6248179559647821,1
0.1459725011464966,0
0.5996522590915501,1
0.7135670790458952,1
0.6144402858295611,1
0.36931196122862553,0
0.3881816250512322,0
0.6140552320198641,1
0.6655535260895636,1
0.20480520158945836,0
0.7219980434889286,1
0.2194723901854464,0
0.37627056461058145,0
0.7149479264986123,1
0.7902475078181869,1
0.12619245020409578,0
0.3133802465038387,0
0.5617720557491028,1
0.610616938721338,1
0.2582557650477091,0
0.07218394483990953,0
0.8114206604929182,1
0.26580104404569593,0
0.7422672336812783,1
0.6914668564579604,1
0.17611387901051961,0
0.5538142469775462,1
0.5760530541858704,1
0.8437269649449659,1
0.42411670072594326,0
0.31115821056669735,0
0.7321422084609385,1
0.6549268426102078,1
0.6221167725622404,1
0.7429652016890884,1
0.16822835007342313,0
0.6728318566915645,1
0.7322911304567539,1
0.6089593278781241,1
0.2310324700346341,0
0.2676950148937826,0
0.6125122198373735,1
0.1903060499649731,0
0.2103789517677498,0
0.47993783892283814,1
0.5065886397198509,1
0.6934424470917491,1
0.6212923546413239,1
0.3051163010413672,0
0.27002126220054784,0
0.18913086713443508,0
0.3326518944092926,0
0.4940429419191457,1
0.5365468658891239,1
0.20785683145044961,0
0.6109730253244224,1
0.14200435066909622,0
0.6854976412334725,1
0.35154736310874213,0
0.7186798633890419,1
0.6795516924120413,1
0.2478573957697123,0
0.670008215235876,1
0.08005330365978652,0
0.7768136243005719,1
0.6704177463981608,1
0.5866115312324495,1
0.33243544584662205,0
0.31728488379079495,0
0.6076174508704716,1
0.25857668646482385,0
0.7635312456909445,1
0.38302699742966073,0
0.4688799093093211,1
0.8414632648800741,1
0.6365986234449501,1
0.1791535183319924,0
0.8357850854085138,1
0.7166324524629966,1
0.20798004879883186,0
0.3148293923824005,0
0.42438061469542776,0
0.3521365868997084,0
0.8650438516505415,1
0.3835541557326804,0
0.20601319639388496,0
0.6943608707778489,1
0.8625850023102689,1
0.5578113277818022,1
0.7759248443052944,1
0.5661466555165011,1
0.4296012272093557,0
0.770059823617027,1
0.6013990612359777,1
0.5145288148924262,1
0.1197721027038117,0
0.18350043623577067,0
0.5236896035315817,1
0.6347963467588985,1
0.628568793044644,1
0.36289597212507607,0
0.3706242980895037,0
0.8722896769624148,1
0.07759781932311237,0
0.14214440861287087,0
0.3827053929400508,0
0.5866150323963931,1
0.42332162340030444,0
0.5545007678408596,1
0.2361861191083488,0
0.7215640395215452,1
0.660974513249774,1
0.5271705480074423,1
0.39052430405934774,0
0.32532818116866014,0
0.5689833441224447,1
0.4695090354837889,1
0.35005860609584916,0
0.35616339517213413,0
0.22101112842095377,0
0.45923420746103255,1
0.45296271219349116,1
0.4748157796230496,1
0.7071904355613509,1
0.5043732507684057,1
0.2743567142375133,0
0.8085356933983376,1
0.7111392305189792,1
0.5283634930447375,1
0.14960955554505934,0
0.5317731184911912,1
0.46939966996582394,1
0.4465000851648273,0
0.46552807275799457,1
0.463211016151199,1
0.4479754377427144,0
0.3814964145384524,0
0.6003332320278308,1
0.7543178344288195,1
0.2944275604103689,0
0.3005658482447685,0
0.2956096260186782,0
0.5349123918853137,1
0.6318118461241784,1
0.40013821905538566,0
0.4907064898613201,1
0.6341367627747789,1
0.46808775026608934,1
0.5175875545908666,1
0.6862831210166533,1
0.5852653724668556,1
0.48633466483450083,1
0.6165218636223049,1
0.1287021915187278,0
0.32931084598294824,0
0.8363443957860682,1
0.33570330363056045,0
0.5699068838650927,1
0.39013375159189395,0
0.3561041338280576,0
0.17924047834771312,0
0.6968177332054438,1
0.17886621039952286,0
0.5444182447290238,1
0.690439180144724,1
0.22916944118815832,0
0.42607137049821575,0
0.16533342921003658,0
0.8080373393570601,1
0.5736593282319722,1
0.09621738521077815,0
0.5230226548376885,1
0.7398970256621813,1
0.6286998775581831,1
0.6207796256518462,1
0.4029350451627968,0
0.6839108644513179,1
0.3401146969014424,0
0.7646385667589164,1
0.29429521053686675,0
0.8278679644078415,1
0.18799259342999702,0
0.6294693706731033,1
0.7248572793549714,1
0.42481277566672515,0
0.40006389461759506,0
0.2948506767673431,0
0.7273995744271133,1
0.6676874899195306,1
0.49806562353115547,1
0.5625500066089117,1
0.5203673862037588,1
0.3086464566365427,0
0.09762402447322496,0
0.5454222898076252,1
0.6148373233969606,1
0.30698996225891684,0
0.5754780134244051,1
0.6612399193956487,1
0.6392376287053575,1
0.2659606561992591,0
0.7843844394039376,1
0.20147355615591742,0
0.449244529597839,0
0.3513468331679465,0
0.7023648465774447,1
0.7207223835921494,1
0.7569900452347493,1
0.41953531522969156,0
0.6298769386924352,1
0.4350302795282572,0
0.5406000143898813,1
0.23802875239257837,0
0.12072580874881692,0
0.6641167150148979,1
0.3032163852688312,0
0.46475960117145265,1
0.6595035174660677,1
0.186504881689529,0
0.23908614958910657,0
0.11321279738589606,0
0.35468669402513575,0
0.6023890055652752,1
0.6595621544244934,1
0.8324160483301185,1
0.323403409449871,0
0.8164956413142648,1
0.5077525958992917,1
0.700818863904514,1
0.3117503898963882,0
0.6976809378254049,1
0.8768105163135467,1
0.05845719142892415,0
0.480673622786697,1
0.15778232395935995,0
0.11790585005050153,0
0.5314228995418969,1
0.5860308432687329,1
0.4334783044851527,0
0.5906089520579217,1
0.3737315135936285,0
0.6061932438000457,1
0.44894481353105264,0
0.5581916127015131,1
0.13908090298302175,0
0.7496829615178403,1
0.6930799604757687,1
0.7835996843462223,1
0.3409689085335481,0
0.2920069659208001,0
0.5752206810084036,1
0.198726059258924,0
0.6428493012507475,1
0.36827989805912165,0
0.7597641904108704,1
0.24882587438689077,0
0.7395772229657855,1
0.7270668248905549,1
0.516478595484817,1
0.8697346464523321,1
0.13863614485060438,0
0.5398468167627389,1
0.5295921002577602,1
0.18273849239486947,0
0.17464983632828415,0
0.7118887305716011,1
0.7658073053358263,1
0.5507292630392391,1
0.4205160795103222,0
0.6774888348940671,1
0.4451309814360191,0
0.16898001874946741,0
0.6342505422108627,1
0.438411083331637,0
0.3826818377608627,0
0.33171285224132674,0
0.5121108225855009,1
0.3194600800497028,0
0.6627557114717023,1
0.4001877630719045,0
0.3312930741331586,0
0.7545895170782863,1
0.7210303382121335,1
0.2092980195362241,0
0.07531966432582415,0
0.763938311365709,1
0.624453751652126,1
0.4561237522429968,1
0.6033722426386455,1
0.21494670744726563,0
0.6781631731629116,1
0.3182293440422024,0
0.3280034580202332,0
0.26865230448344185,0
0.504260022120267,1
0.7146591625864956,1
0.4723190467414702,1
0.8813792605042534,1
0.12033616694065025,0
0.8590818225627586,1
0.5473069291906144,1
0.3066465835441805,0
0.2618183996128323,0
0.6535861107481953,1
0.31529099805711003,0
0.45631540646322244,1
0.14784575416894447,0
0.6790391472420073,1
0.13085640352973948,0
0.17766260167511536,0
0.6960558693497156,1
0.17797364335821575,0
0.43615954821773695,0
0.46794504526029557,1
0.11388157889323851,0
0.1893955473242934,0
0.3386184870788034,0
0.5248008706293305,1
0.637948349501174,1
0.3560682303208983,0
0.550146895083655,1
0.6763917556631386,1
0.5697511104556882,1
0.780679738508929,1
0.5812408245128153,1
0.8520377340870106,1
0.5620231427101395,1
0.8826185492927124,1
0.4422193489651176,0
0.3207676906623403,0
0.0806578410459702,0
0.6661137755967781,1
0.12932684408501152,0
0.605651476135495,1
0.2692387390299275,0
0.5953953694487596,1
0.6254364658877959,1
0.32132856941873295,0
0.8029010527005211,1
0.4465809104939461,0
0.3419885840673481,0
0.2508296271886511,0
0.4453492635520827,0
0.6285534791558236,1
0.3718086066001883,0
0.16130781726495197,0
0.3904045252854796,0
0.10743664667548171,0
0.33432511390870356,0
0.5580378295383062,1
0.6367472011263917,1
0.7199498762998715,1
0.3819419210937874,0
0.3924720092564452,0
0.31754524525646266,0
0.49491623580617455,1
0.680497408258207,1
0.5397292111686889,1
0.34513621693743435,0
0.7159075396230883,1
0.16780355013381623,0
0.49935021693834747,1
0.3371156386767243,0
0.26370466860909925,0
0.38780519994552864,0
0.542233484313863,1
0.6362705684583809,1
0.386796782035783,0
0.5573402393639646,1
0.8597027562406019,1
0.437834983047065,0
0.5584787868164216,1
0.5602270247408467,1
0.4252180580017548,0
0.5864855024101681,1
0.8760223417686794,1
0.560749272985034,1
0.3387754759447764,0
0.8403737263280443,1
0.19803822787141992,0
0.15027415414598436,0
0.2610410728559712,0
0.3586814600923629,0
0.3272507271992949,0
0.7895687814985114,1
0.105503908313187,0
0.22510357156192368,0
0.7909900418127069,1
0.08336339553147501,0
0.16672279910128104,0
0.10796085873873709,0
0.08497739781913374,0
0.6965308951892188,1
0.7351375543728533,1
0.12752155618320538,0
0.07188080963815555,0
0.10398214269113903,0
0.6596711164701735,1
0.22591266096138643,0
0.703858814544294,1
0.24277019705712446,0
0.5456747728178737,1
0.6567635894461212,1
0.4471372241479009,0
0.3694009153099561,0
0.6062729721571731,1
0.5639406334202761,1
0.4200007754135319,0
0.6752154746169616,1
0.8309049002167858,1
0.3564637322539887,0
0.12086591837123493,0
0.6540733745290552,1
0.06752265440829716,0
0.7518532252869802,1
0.5053952458702924,1
0.8887636821334503,1
0.7670752521714574,1
0.4500579135908489,0
0.7906904416089598,1
0.5107340866838315,1
0.6983377850718425,1
0.24421365448154586,0
0.6919298615093032,1
0.7614235004136226,1
0.1259631219178824,0
0.5976452254215092,1
0.22462143032290877,0
0.5180224320203393,1
0.4970497122335216,1
0.7508852984227589,1
0.20763965583729338,0
0.7640699332997766,1
0.5334041048928572,1
0.15873399341783756,0
0.6053725199194954,1
0.11557778592179033,0
0.6228736858604926,1
0.1851848730540738,0
0.1534720296899975,0
0.6460100016131752,1
0.17636997947259753,0
0.5359384091220446,1
0.7858249053802727,1
0.400415245788415,0
0.0829586911609813,0
0.29902995700792045,0
0.3777120083821975,0
0.6045557161497338,1
0.301562508650237,0
0.31206133580913215,0
0.5425614763642165,1
0.270019138624536,0
0.6960592584591723,1
0.2269376190062689,0
0.2582211923854556,0
0.2597990885222725,0
0.758475645885529,1
0.5512487430367101,1
0.28655997407078393,0
0.3649328185133629,0
0.35906317690618905,0
0.20166574785361496,0
0.20392338034558888,0
0.2577683869557504,0
0.5671180643214959,1
0.6610911236826863,1
0.5689063174919794,1
0.5657764628847837,1
0.6813646783417837,1
0.4491262332694548,0
0.6779280364090297,1
0.5999661717175965,1
0.8043433248775729,1
0.6962631893603669,1
0.4542653179777886,1
0.4409885298557087,0
0.5261883774469716,1
0.3416131814352858,0
0.20190859134250105,0
0.3643466805140927,0
0.6381522626064265,1
0.4746392352486199,1
0.7507661974893459,1
0.7550481617099621,1
0.5943924594328209,1
0.6264258723136255,1
0.8034852459231911,1
0.6175532128168085,1
0.17214301409917684,0
0.39616579906629096,0
0.5109156839841114,1
0.639369110783462,1
0.7561433377636066,1
0.24162830181127165,0
0.5490279160028378,1
0.6093550604095435,1
0.638324465380636,1
0.24410577771886363,0
0.6707564733854543,1
0.6460475881424508,1
0.23978174233675645,0
0.41153981302320053,0
0.2525293835054334,0
0.6414620132370104,1
0.6754795447279295,1
0.6988517193899304,1
0.8719044254252881,1
0.5956388324359884,1
0.5799688712076577,1
0.21334104937439,0
0.30190694769015136,0
0.3848349044238857,0
0.5979205666324521,1
0.2977312102105041,0
0.29895950504169744,0
0.5719538004569268,1
0.46437928232046677,1
0.6719701862015885,1
0.26523085492661674,0
0.14394957898392788,0
0.8219317408714716,1
0.18654472557168944,0
0.7397537050651888,1
0.4233344116165482,0
0.26339349313755733,0
0.41500734816704243,0
0.7980770001234159,1
0.3499045868938255,0
0.25708726204874266,0
0.3072240250658943,0
0.8103660791871811,1
0.31652130292266817,0
0.7412555572116899,1
0.6120225296595135,1
0.7944973616762567,1
0.3336113215529972,0
0.3616917685607042,0
0.37874576294690254,0
0.7059057087126359,1
0.24973472600313587,0
0.3533398356068072,0
0.8732855647107365,1
0.7802071302904902,1
0.6099980290202142,1
0.1881875390789342,0
0.4512129667208611,0
0.6206540876916726,1
0.45884251788755104,1
0.5012837212115435,1
0.11838562525247816,0
0.6661471462362664,1
0.12669005544764078,0
0.6060629868184033,1
0.4753267560673109,1
0.7827582906887677,1
0.5260902541210376,1
0.28264925942807845,0
0.866985197479557,1
0.2226395766048535,0
0.6452163012276961,1
0.640836583164624,1
0.3537703275113714,0
0.7567052631980702,1
0.22274707045409947,0
0.09374301485392095,0
0.7099181281479187,1
0.8656791242033174,1
0.6552038799216577,1
0.5333478154847504,1
0.6576910135716202,1
0.6814451878347099,1
0.12411921875541428,0
0.7046833422312954,1
0.2212723340354467,0
0.42244747786406056,0
0.5392021730052531,1
0.5938895342700693,1
0.07945740238529013,0
0.5050983600650742,1
0.45297549787046404,1
0.7057582223635459,1
0.42281905874512155,0
0.4687466088685399,1
0.506885651365532,1
0.4797778213772693,1
0.26757262518280484,0
0.4412203406706,0
0.385568767157928,0
0.5412568502663283,1
0.17136220705239974,0
0.5496234300365763,1
0.7377525865845603,1
0.529272685543469,1
0.5356643184119269,1
0.47346068448093837,1
0.6141929890743049,1
0.7934791369157522,1
0.7981932638924232,1
0.277968145611938,0
0.12790131716798436,0
0.4961907376854635,1
0.6168016458975574,1
0.38141588518019426,0
0.1879083250860277,0
0.09796399569469906,0
0.2956470915369993,0
0.791694943774847,1
0.6326104035561002,1
0.6939248195829982,1
0.7271386109900145,1
0.45663460752402385,1
0.1984108303334247,0
0.7437055039922547,1
0.39505216574359703,0
0.5645824494667326,1
0.26960057963881745,0
0.20989214960087121,0
0.6742188050265633,1
0.6607505827749378,1
0.29313663947619506,0
0.6773707321928101,1
0.16593408292756978,0
0.45836181163333173,1
0.7417949735076381,1
0.7255917852563298,1
0.20840865969543468,0
0.6256235829721516,1
0.6076961259324116,1
0.27206671795643167,0
0.6633006832939381,1
0.4959685253631301,1
0.5946053760327473,1
0.5184969018907213,1
0.19580799143581828,0
0.7003344988731761,1
0.3444030025917147,0
0.33786830235989046,0
0.7465315457027268,1
0.2868647632687343,0
0.7168175030492175,1
0.3922511088343605,0
0.6178219844850286,1
0.3718448272628041,0
0.16095199104632932,0
0.37666869627601285,0
0.7956244103477301,1
0.7845707209136108,1
0.4914223150833311,1
0.24074068283836308,0
0.7586166606564573,1
0.1444936250169933,0
0.6855869614748232,1
0.2339522557249319,0
0.7745941170064937,1
0.702827543789761,1
0.7587752865783409,1
0.2973715788231647,0
0.7212717841281362,1
0.30406976003405795,0
0.6275152711855005,1
0.6826062684026949,1
0.500097785751293,1
0.551961141675034,1
0.23204268531543318,0
0.258010267211421,0
0.6679576524955271,1
0.5931753907636033,1
0.7316605496962477,1
0.5425916663232999,1
0.6089173271104109,1
0.1964581703368937,0
0.5517299614227584,1
0.6613724046981581,1
0.31834723013560845,0
0.6546131169415172,1
0.26435133488112456,0
0.26712504893414735,0
0.10811761484093899,0
0.4269514274634846,0
0.13247810906712007,0
0.3308340302009234,0
0.43201590406385737,0
0.2362262785379378,0
0.26122897610673373,0
0.4268032070933054,0
0.37860293560013886,0
0.7420666870631227,1
0.1458092784180115,0
0.2911245893604847,0
0.2596706492694667,0
0.5072119765731689,1
0.739462391132,1
0.31650578893849973,0
0.5946816751388522,1
0.5689960543091505,1
0.46608473967687464,1
0.6351864702368624,1
0.2830420120636107,0
0.8858002898569126,1
0.07729009389401155,0
0.7869019292766171,1
0.6011786911630671,1
0.5069082221408212,1
0.4405829287518241,0
0.6671558896298575,1
0.4836213921179121,1
0.3241420755864275,0
0.19395126957414158,0
0.4290048773395469,0
0.63074135574178,1
0.5235608864116398,1
0.2407278118817827,0
0.361653291765004,0
0.4588762147122966,1
0.4402158293731035,0
0.21494938994537624,0
0.5919487876659884,1
0.7416237977713759,1
0.5275046437970475,1
0.35667405906262245,0
0.3524013990806976,0
0.08081619957500519,0
0.5625286767509339,1
0.7194055552310513,1
0.4982780136155263,1
0.31301049165530187,0
0.6632695756372987,1
0.48053845153614233,1
0.8133622469762316,1
0.19517669686521838,0
0.5244639691279868,1
0.6398467289009773,1
0.07295913438719079,0
0.5817947215870296,1
0.48784863356009206,1
0.22023113714480302,0
0.6788762906311439,1
0.2736067321997169,0
0.488150834203912,1
0.5795631921898072,1
0.4501628419563316,0
0.752795476083251,1
0.19541507958558252,0
0.1948838120663335,0
0.7760232712932967,1
0.6875371445004456,1
0.188245270384336,0
0.6061930957821907,1
0.4416372244494993,0
0.33206304843925455,0
0.3172059452300683,0
0.4971487969685648,1
0.4486048373195958,0
0.1832797342103514,0
0.41090652942036204,0
0.12385179253816782,0
0.3607365130102254,0
0.2662108687699774,0
0.22026285130687062,0
0.4016285651801857,0
0.3655137090845542,0
0.7192247271553514,1
0.6772292083118535,1
0.5126316204457457,1
0.3945091042670243,0
0.7720344201944604,1
0.30849346943325845,0
0.7393655966003202,1
0.2832232324725564,0
0.599607859560372,1
0.5941528314460544,1
0.21449994134950565,0
0.48008585389860386,1
0.7622788027030061,1
0.2722862196165117,0
0.3844872908014852,0
0.42227968001148125,0
0.8483859996185652,1
0.7790784323059109,1
0.3608956086416826,0
0.2506994157594487,0
0.44024496809267527,0
0.2471368859642164,0
0.5574864808246288,1
0.8245681326702896,1
0.26407798757615353,0
0.6419176978201694,1
0.7603803044638026,1
0.1856246081185805,0
0.34088019396322805,0
0.507383913259177,1
0.452282491392111,0
0.485111577657787,1
0.10382648434601902,0
0.8842026527251319,1
0.36123045878003945,0
0.49681576771766883,1
0.6749546084864364,1
0.6388629429275415,1
0.2331275462199919,0
0.31509281030448555,0
0.060473252447715245,0
0.25538002877573857,0
0.1992945761781482,0
0.2149081710488215,0
0.6929917446469417,1
0.12356621183995474,0
0.6102053905092182,1
0.49116352256462276,1
0.4072305631824127,0
0.6336175956646548,1
0.7157745719313493,1
0.6541996526395277,1
0.408020877161353,0
0.2694749235956532,0
0.5265630046998305,1
0.6266920366764597,1
0.08890983837865446,0
0.35518219292188447,0
0.4791835854211583,1
0.24846422662601553,0
0.35391329354438766,0
0.6849682418254877,1
0.6097151043002501,1
0.6909311008358704,1
0.6007714121263924,1
0.6117558742086564,1
0.6834464987026706,1
0.21751173190844136,0
0.4545656429786246,1
0.6514962470506572,1
0.8497118387066623,1
0.3932273299697904,0
0.8008140694016335,1
0.22641922561517275,0
0.757091975932095,1
0.5851682369159855,1
0.6832054641071451,1
0.6487797281133185,1
0.1716567917063149,0
0.3367858756264755,0
0.558003104134296,1
0.1043511993997,0
0.20727405471612786,0
0.23975405889949217,0
0.32750742936901645,0
0.6501423052197607,1
0.3384907103517597,0
0.18849383376443007,0
0.25750534291183874,0
0.30713226386806936,0
0.8093799605993333,1
0.3669917198377055,0
0.1703415629571219,0
0.6468774649665323,1
0.6254597791995943,1
0.49719378244633683,1
0.375313467529082,0
0.47142653137372076,1
0.7591602346989949,1
0.5238720674333773,1
0.22880578698513743,0
0.18606357909933202,0
0.42648950248321593,0
0.06100457228382892,0
0.4743736924543923,1
0.23280899756412932,0
0.32668580217258547,0
0.41543830495521306,0
0.23081252709333355,0
0.7184987071291923,1
0.6010440933765626,1
0.7680817574423213,1
0.06460211920520804,0
0.5289441224781471,1
0.26772811606774266,0
0.8175201931126777,1
0.11215408656044787,0
0.6543160008485438,1
0.5180351801185579,1
0.7420973214330037,1
0.49279375135820336,1
0.7213301631764569,1
0.8644434803162394,1
0.5838541699897785,1
0.2252300852386248,0
0.12181286622566932,0
0.542219729669227,1
0.5721191801289726,1
0.32963835448532935,0
0.7702350147342644,1
0.7433323162901793,1
0.1326848945443794,0
0.5686740724172351,1
0.7307628669621629,1
0.715787820632696,1
0.29269105322383343,0
0.6143747166547382,1
0.5174665224312424,1
0.3498850387203466,0
0.46399643708116417,1
0.4467050502665665,0
0.1791458808624897,0
0.18804863877253086,0
0.17773195079692064,0
0.7824636272454069,1
0.5681480862895573,1
0.26733024398546085,0
0.33420786979917055,0
0.6032110457957225,1
0.34666840793029974,0
0.5953098387509853,1
0.48992800565102773,1
0.4378467393702855,0
0.14578903782181546,0
0.6247174634907263,1
0.11640658717369273,0
0.37124487673189127,0
0.6658931729632146,1
0.10389979045013109,0
0.4130783360242399,0
0.6845318175078021,1
0.2604174423733629,0
0.626999403840516,1
0.3187141960854379,0
0.3515305691440565,0
0.7757370515990695,1
0.5769340219313392,1
0.6601025898894609,1
0.37405103241516563,0
0.7261660199710614,1
0.4481584371353633,0
0.482595520881452,1
0.655502355548543,1
0.45649407470714903,1
0.25022719485030825,0
0.2543876755948465,0
0.4986332917304736,1
0.18109993813421016,0
0.5795315726606882,1
0.42347210579158256,0
0.37844254017775525,0
0.7278644232452465,1
0.5508452068119911,1
0.6583593380462193,1
0.24505190263523063,0
0.36114182070588136,0
0.6501374781394177,1
0.32279369945084274,0
0.10189044237080395,0
0.5612231645810449,1
0.6804635525609591,1
0.2377489525602229,0
0.6573999786259651,1
0.3157248409866545,0
0.5826263750821875,1
0.8582491297577535,1
0.7926486132287651,1
0.34615528333195855,0
0.06360600219872965,0
0.671377440678275,1
0.5314222305102625,1
0.501457576095751,1
0.6873387439830231,1
0.6810553694173225,1
0.2611210290456897,0
0.1767653165269192,0
0.38563911425805875,0
0.4095257690847694,0
0.41538836705718213,0
0.499468221120466,1
0.6134202948340416,1
0.34779870021922193,0
0.453829844959883,1
0.1691716024200682,0
0.12355813036054622,0
0.4520258315780487,0
0.1699449916884727,0
0.5428266357026095,1
0.6955576532861305,1
0.60959097331969,1
0.31056682115352674,0
0.6429018264517861,1
0.4829979598356601,1
0.37128917529289635,0
0.22867649561729472,0
0.1440384770148254,0
0.5569023203874756,1
0.17340727056492442,0
0.7902178887958975,1
0.3058382387586111,0
0.20399899058577675,0
0.8671045124860797,1
0.6866624644648264,1
0.6046815912899364,1
0.790721940909959,1
0.8558788755886384,1
0.33397625668287684,0
0.5681093119111089,1
0.6990589974001351,1
0.6295181002811008,1
0.43761282587508843,0
0.5558439695525219,1
0.7468628339583157,1
0.34004105703871007,0
0.6398406740786692,1
0.8294260882190222,1
0.11721797371786831,0
0.5478010615846103,1
0.7004739206923334,1
0.6595111241501292,1
0.05285943079175683,0
0.45094958624716774,0
0.6834862944838537,1
0.5726689926337762,1
0.16208309099705567,0
0.47392205357227896,1
0.5287127420763731,1
0.6669047380158887,1
0.28991100587454316,0
0.5086754148492112,1
0.6044862162483196,1
0.3080986566103769,0
0.7098618448172179,1
0.39725826297927225,0
0.7348665409836911,1
0.2525041077486966,0
0.3402060765839164,0
0.2452666740744398,0
0.1662278738077207,0
0.37142007244194575,0
0.35601473237121045,0
0.7967389699382641,1
0.3756448549316413,0
0.399148440033517,0
0.47495789603796645,1
0.3276404226203665,0
0.4553053168174374,1
0.163730898250498,0
0.39049786335640674,0
0.6332714210366756,1
0.6065660466498249,1
0.35390539919461117,0
0.35051662566109276,0
0.37004104821797695,0
0.19831047283561515,0
0.16779564300143301,0
0.7265694146142216,1
0.6808992079013335,1
0.562359301227349,1
0.1517385753574766,0
0.8184832843759632,1
0.7859375485751899,1
0.6360137562638013,1
0.6052101594034235,1
0.43746640274041837,0
0.44977556607834257,0
0.7343324401801685,1
0.36117910536319414,0
0.4120895534689813,0
0.19292544721443697,0
0.8466515401357332,1
0.6572035938778105,1
0.5315064699435367,1
0.6054096146100568,1
0.6351568723285715,1
0.13607591441913083,0
0.7714091784701331,1
0.6111441062408008,1
0.4255662971812932,0
0.2692622678800856,0
0.5859222501195575,1
0.3757303914817224,0
0.8346278162305668,1
0.4776119920292749,1
0.42070667658084376,0
0.6678688289193467,1
0.2248883712478843,0
0.5442397639461161,1
0.5828435814523416,1
0.5380889883364134,1
0.14341219141467879,0
0.19426613435221213,0
0.551341136455213,1
0.7424917863327105,1
0.25712196152500005,0
0.6144777391540097,1
0.16342646245440653,0
0.23048679072760345,0
0.7606745925849319,1
0.5573989415746526,1
0.18344425820983776,0
0.786405792957182,1
0.6963572440725779,1
0.6388292822181633,1
0.21213646685723112,0
0.6205408215551574,1
0.17338827209309168,0
0.7487032900719176,1
0.5835133830165716,1
0.7304174820454802,1
0.6894916882932232,1
0.671403967892709,1
0.6299891845082319,1
0.5441113019061313,1
0.6753946461932685,1
0.20926957059193682,0
0.7397563717183857,1
0.7922748617850819,1
0.4087236094519623,0
0.6098049882807927,1
0.52767316333196,1
0.503200138781655,1
0.23791282788625487,0
0.7431674314740557,1
0.3285910198153872,0
0.23701421543279214,0
0.2695239188498182,0
0.7042798747392819,1
0.6647421883373597,1
0.6421113114879315,1
0.4886099627912768,1
0.7958324220606556,1
0.3799626966402074,0
0.22303374621006708,0
0.6170968650874942,1
0.643466657055196,1
0.6457544747413215,1
0.6963345468411066,1
0.18953961156738747,0
0.44082189791865106,0
0.29688033388861546,0
0.7322753684000269,1
0.5388332235094444,1
0.13542824804512554,0
0.6893712206243378,1
0.12972159512377057,0
0.5491623538776272,1
0.5252963174736948,1
0.315138691016636,0
0.32316075337567474,0
0.6537127946923867,1
0.7951110373157821,1
0.333240378688228,0
0.6222230958914262,1
0.544500392067005,1
0.31593288963017313,0
0.729899561778922,1
0.127401147151197,0
0.5408933799407157,1
0.6826662506433813,1
0.23715071870568957,0
0.5277283715487778,1
0.21412147813488122,0
0.7880725305297388,1
0.2616957829804872,0
0.7589002649010639,1
0.4403942414115442,0
0.5984500198496887,1
0.4068465482426036,0
0.4584862310069676,1
0.5532542169780911,1
0.49122788296267667,1
0.7431170023773742,1
0.7635596451282045,1
0.502515924937114,1
0.39458953971772986,0
0.7763857607130373,1
0.33950137831694166,0
0.28798435709868575,0
0.6261893598817508,1
0.6329146818376076,1
0.318314068739682,0
0.6897636943485091,1
0.18799478409012332,0
0.722906000680303,1
0.6099482577607052,1
0.7001649554061026,1
0.682913978401493,1
0.6915740178645734,1
0.7803841676249076,1
0.11674720595290329,0
0.6627709325071222,1
0.467441616828734,1
0.2035559324047635,0
0.47066598176033636,1
0.3478320999130731,0
0.8553542776492397,1
0.06627304151550995,0
0.7207134397768895,1
0.6879125714409647,1
0.8692298950328312,1
0.34081527468994505,0
0.17306964641392636,0
0.413600664045687,0
0.30048945304574315,0
0.17657448600957606,0
0.8630465035773809,1
0.49013994406113637,1
0.5271496620795417,1
0.583665745611781,1
0.6891173255843678,1
0.3154406753073629,0
0.8153673894447289,1
0.10881755858800117,0
0.6287475822047063,1
0.6518480061975878,1
0.22322252264796094,0
0.6692256391237057,1
0.3858441402581545,0
0.6264161702689666,1
0.5193181319860085,1
0.42326630887923483,0
0.5968693247260153,1
0.6620230566677499,1
0.354995939577216,0
0.7189765610861985,1
0.49828383136959675,1
0.34159746149133563,0
0.13941057760284836,0
0.6627354528077063,1
0.6334863206616582,1
0.16749477235179386,0
0.21305024707497172,0
0.4350905020962765,0
0.6223598772111669,1
0.8019481450492528,1
0.5441182705152725,1
0.6056061771769455,1
0.6225381798034055,1
0.5227512732279698,1
0.8836036331769844,1
0.6684287477236528,1
0.20292149033019513,0
0.4151478548648798,0
0.7549846747882749,1
0.4179951774659041,0
0.590454162902377,1
0.16443706777749445,0
0.29633599160526325,0
0.6782219963791732,1
0.1788379840630678,0
0.24159509158867534,0
0.7418273546774881,1
0.5952289443956013,1
0.3469416062257686,0
0.55655816805844,1
0.6900978140762873,1
0.6009594134203646,1
0.5501386187507651,1
0.38670211064584226,0
0.14256794708296974,0
0.1538076893442336,0
0.2602064441248718,0
0.5921044891852998,1
0.6892585329333117,1
0.6551481719301343,1
0.3571685974547842,0
0.8813534782779308,1
0.25486780192116276,0
0.3172453908325434,0
0.6475563659938274,1
0.5360710267428077,1
0.27336376369141285,0
0.20054810269392426,0
0.7839610025920896,1
0.5149111441057372,1
0.6647968493361562,1
0.1814762450489945,0
0.6691453214298227,1
0.4011446479973463,0
0.7817071883308229,1
0.40047946629460596,0
0.6722477787831272,1
0.3538434673700902,0
0.5438813901583063,1
0.8079208922748504,1
0.6107146411464278,1
0.4920898236415907,1
0.6370130503537152,1
0.11032725755635522,0
0.5134579347417855,1
0.49467004778440193,1
0.5677137019603388,1
0.31216408024403525,0
0.5663542487490962,1
0.6111255778743291,1
0.4978142375715538,1
0.26490385422239804,0
0.3150604907651592,0
0.3727785422009764,0
0.5843610825428253,1
0.6688791356986499,1
0.5869150599688945,1
0.6503798171481712,1
0.7050515903769243,1
0.8213013584076597,1
0.45949360337551115,1
0.6576212460436484,1
0.5542115294570703,1
0.699052824124999,1
0.5574680084814698,1
0.6438236811271064,1
0.29142575170446167,0
0.7857373867724194,1
0.6939443693022257,1
0.16797731792486909,0
0.7892680465765554,1
0.5063815800290815,1
0.5043806823324497,1
0.7825610751612622,1
0.4976122048159056,1
0.3471208330757665,0
0.4823151906927016,1
0.22898021549185787,0
0.18577851188320949,0
0.3269335370749361,0
0.2510766635764405,0
0.21264594938793957,0
0.33546969135430277,0
0.5245436636542389,1
0.43219808613604255,0
0.7114158469130574,1
0.7133227727574623,1
0.6249012077848696,1
0.698238338534915,1
0.6771766856115776,1
0.8656927738525809,1
0.3320937819857634,0
0.5552178596950353,1
0.8614332486917818,1
0.665764140460159,1
0.6341601583533668,1
0.5214240684988048,1
0.39488020958395526,0
0.6748840107954774,1
0.08415786612999197,0
0.697760815566567,1
0.5067242438828125,1
0.5603548230901086,1
0.4969533384243635,1
0.8013244962751481,1
0.4133445320424588,0
0.4301213612903779,0
0.35605448740580614,0
0.6690676340439303,1
0.6314443700446647,1
0.2944229032250936,0
0.6487085271866353,1
0.4426798264453719,0
0.8030134500568353,1
0.31491639309415215,0
0.7212845826249438,1
0.781490229233472,1
0.6425187532750534,1
0.8618754716860665,1
0.23808379801879562,0
0.8691241280501029,1
0.4767567412668527,1
0.8052726915355402,1
0.33285163186424144,0
0.3119675239344946,0
0.44560932457373414,0
0.6633541171165565,1
0.477569669137764,1
0.2147331564505968,0
0.5636438018428339,1
0.7623976009674385,1
0.5165602248136377,1
0.23611962821273888,0
0.21897544337688998,0
0.7381141681489117,1
0.7728019375915351,1
0.5843177911167206,1
0.42119396528779063,0
0.4512244526286123,0
0.6618459486164441,1
0.7475990251430369,1
0.7406177852908182,1
0.4773330209311737,1
0.611056260471325,1
0.5259170100114661,1
0.35272699792323314,0
0.6984745467345981,1
0.39490841115508557,0
0.7475908756156817,1
0.5744672042574784,1
0.35351861827987463,0
0.6669987696588903,1
0.8010737993381706,1
0.419847624779755,0
0.1521907160832104,0
0.7348476784610835,1
0.4083954920184939,0
0.4994243725658308,1
0.6048103575905472,1
0.6003532054294335,1
0.6852454979288201,1
0.5470545757864571,1
0.639578344529308,1
0.46246544972615583,1
0.816206444246365,1
0.7527155204651464,1
0.138509653218458,0
0.5211471701285969,1
0.5005345021348108,1
0.7250687753759882,1
0.564001683157602,1
0.22675135167408908,0
0.06684211842876459,0
0.32277234015548967,0
0.6092220520602505,1
0.30401094942012596,0
0.5754066668037534,1
0.20824857254679346,0
0.36316963497305194,0
0.20278783964590189,0
0.6482155082948103,1
0.43763699853180393,0
0.21338526365979857,0
0.6647416509651906,1
0.3430675272828299,0
0.12746569034651292,0
0.40318536008256595,0
0.4715008497574463,1
0.47109724280022647,1
0.46991850395567425,1
0.520550009019879,1
0.7832739111213344,1
0.6322124247031858,1
0.18400199816114848,0
0.4929535418616622,1
0.3974834287761407,0
0.7894522536135676,1
0.6207914064424124,1
0.2252977428214979,0
0.48550990788085996,1
0.6332089818686604,1
0.4047617537852562,0
0.32182806455164464,0
0.6773429150455249,1
0.14029483793602185,0
0.39533753616505285,0
0.20215596452994794,0
0.8476466411842221,1
0.31579513920646124,0
0.08609707033231666,0
0.3474636546036976,0
0.28416601543468634,0
0.4965373878543727,1
0.6485043524872449,1
0.4394003673689069,0
0.13078308598430743,0
0.6305591404661145,1
0.6652742633099638,1
0.8284952019127766,1
0.6567285135616838,1
0.43749132623702197,0
0.607959013346088,1
0.72927127453707,1
0.41612979723862614,0
0.7344107732341308,1
0.6120654418458759,1
0.16344308535615415,0
0.386845309636746,0
0.6879312259759062,1
0.4769457340767639,1
0.6481046434996979,1
0.44894932483183075,0
0.5347787180642817,1
0.40512397096575276,0
0.5022960623948345,1
0.0662823793195232,0
0.2214588768462494,0
0.10753982182620207,0
0.44105910881151517,0
0.4345134806919931,0
0.5131724470926596,1
0.6923103073765766,1
0.37562807375737717,0
0.7740796477834196,1
0.13793144388957768,0
0.4811794055107531,1
0.7313252504134505,1
0.5686741690055829,1
0.4959052456806986,1
0.7755443689749054,1
0.18363211292317175,0
0.38636774350546815,0
0.30187496643827727,0
0.6332131184132863,1
0.2426500087896215,0
0.662745489520368,1
0.17823882959952733,0
0.8092033804498223,1
0.15553691784463083,0
0.6256669579772669,1
0.34876399140858727,0
0.30657519433203356,0
0.25777862836141685,0
0.5977823486909118,1
0.47118001693794775,1
0.49605916820908746,1
0.5215487229508872,1
0.20945750928105153,0
0.7591850234905029,1
0.6032812570663797,1
0.4353115861137135,0
0.0912419597443414,0
0.14610554857142757,0
0.7313023890013183,1
0.4206498449196865,0
0.38545020753174897,0
0.707689125271111,1
0.6208911084896144,1
0.383856610158054,0
0.606867676452264,1
0.645759710885856,1
0.15727890664131652,0
0.13875466049001628,0
0.36976473971615026,0
0.4267992880936604,0
0.719926481916607,1
0.6748648698393703,1
0.6902206650728556,1
0.6655893110169631,1
0.3426687763147308,0
0.5081851798911147,1
0.17978637026961639,0
0.742520336197662,1
0.526770624456257,1
0.6055103192019372,1
0.5199139584094421,1
0.19808504358636483,0
0.4416344411541503,0
0.46785293070261336,1
0.4200518892213147,0
0.4765380066082783,1
0.26422715529846624,0
0.27107715453694353,0
0.7719319177112097,1
0.6288363366118175,1
0.5966132857222194,1
0.2451531120769571,0
0.6385900985350009,1
0.25874138058957985,0
0.20752655023571628,0
0.7658037722214162,1
0.7791611668545324,1
0.23519319103638542,0
0.3724417549450342,0
0.11140958081578979,0
0.35701369382920395,0
0.12164672907010618,0
0.3233989617298565,0
0.45433290273783006,1
0.43370032443068207,0
0.598686451198119,1
0.18636130149677815,0
0.20777459762046854,0
0.30434596205380177,0
0.5941719046462507,1
0.6121805973409333,1
0.4317796280253389,0
0.1398955882607234,0
0.514857239386399,1
0.22718451090035566,0
0.3632277647523284,0
0.8225586359123095,1
0.5799569140037238,1
0.12004954202494006,0
0.7163855601334337,1
0.6884778881042457,1
0.4763031434546357,1
0.33471785635441004,0
0.6088940624274206,1
0.6300672466235194,1
0.20694182887899334,0
0.41301092575207593,0
0.7128018537667038,1
0.5105178544679904,1
0.20990159940928244,0
0.225669313982608,0
0.21879398316435422,0
0.22018266845936663,0
0.7371448714850184,1
0.20991453208505464,0
0.472733243212923,1
0.23235765208545797,0
0.10983485959445845,0
0.36196551477831734,0
0.07348957269851586,0
0.7466336500776242,1
0.5741168054510238,1
0.5614691754107966,1
0.5242095371762603,1
0.6844683634281938,1
0.6107306317900687,1
0.47832468592742905,1
0.6180478963485462,1
0.2176428262842484,0
