proba,pred
0.20652847,0
0.24271615,0
0.3807556,1
0.044309422,0
0.48815563,1
0.28955367,0
0.13757691,0
0.4975177,1
0.032817684,0
0.51414764,1
0.47176233,1
0.61189413,1
0.53142345,1
0.2477683,0
0.44856277,1
0.39679778,1
0.60681593,1
0.2833754,0
0.2980431,1
0.7574231,1
0.07413287,0
0.44781286,1
0.17568749,0
0.12904616,0
0.5663596,1
0.15031919,0
0.16711403,0
0.17318012,0
0.30854148,1
0.3997355,1
0.24231696,0
0.44567594,1
0.34635818,1
0.24978285,0
0.24378555,0
0.3417083,1
0.36485362,1
0.22045358,0
0.19529204,0
0.31222013,1
0.23053677,0
0.4010061,1
0.57355213,1
0.44761243,1
0.64153343,1
0.22714964,0
0.21922743,0
0.3014177,1
0.27971506,0
0.51252127,1
0.75074166,1
0.31511682,1
0.6300953,1
0.52287966,1
0.48732853,1
0.34581798,1
0.18772444,0
0.8174659,1
0.053248428,0
0.15386301,0
0.32095292,1
0.5175476,1
0.38835815,1
0.19262207,0
0.6407266,1
0.4264208,1
0.44687116,1
0.30255207,1
0.7042164,1
0.40092283,1
0.525233,1
0.5033584,1
0.24161422,0
0.5684777,1
0.44964594,1
0.5808971,1
0.6973576,1
0.46353585,1
0.05061864,0
0.5040922,1
0.05035389,0
0.49428946,1
0.5985743,1
0.46254027,1
0.39554763,1
0.49818215,1
0.52391577,1
0.43452233,1
0.3110755,1
0.34149453,1
0.35587907,1
0.40486395,1
0.49977174,1
0.40646207,1
0.34462902,1
0.55274874,1
0.30810243,1
0.16214094,0
0.17415547,0
0.7021798,1
0.42203987,1
0.43402386,1
0.025416771,0
0.52758354,1
0.2790541,0
0.44518232,1
0.23497024,0
0.40676472,1
0.026476298,0
0.35261086,1
0.094726264,0
0.2930635,0
0.29209703,0
0.5986561,1
0.30185243,1
0.39301422,1
0.35899392,1
0.13415775,0
0.30210254,1
0.8312377,1
0.48756927,1
0.2628702,0
0.52525496,1
0.531519,1
0.022691755,0
0.48815387,1
0.16038734,0
0.17531672,0
0.1465008,0
0.6248324,1
0.68585193,1
0.47345588,1
0.4919846,1
0.5040455,1
0.08476175,0
0.4754256,1
0.46955922,1
0.64696115,1
0.56711125,1
0.102319315,0
0.6218553,1
0.18262108,0
0.76063603,1
0.34322113,1
0.36952284,1
0.083218865,0
0.023479816,0
0.47264865,1
0.29143792,0
0.1022337,0
0.6137212,1
0.69294894,1
0.33491796,1
0.43882397,1
0.41644457,1
0.5070231,1
0.29455498,0
0.8771226,1
0.24255373,0
0.32387027,1
0.63544583,1
0.5794033,1
0.1755163,0
0.06904672,0
0.5709253,1
0.17626283,0
0.46505758,1
0.098468706,0
0.35425293,1
0.30835694,1
0.60904324,1
0.20929395,0
0.8339908,1
0.38556805,1
0.24708235,0
0.4513812,1
0.56956214,1
0.7179092,1
0.21893582,0
0.14033172,0
0.52560353,1
0.11154713,0
0.5849809,1
0.26251858,0
0.101465136,0
0.31800407,1
0.16027977,0
0.24821799,0
0.6034726,1
0.23127727,0
0.5465855,1
0.04365998,0
0.57349455,1
0.07426184,0
0.12447847,0
0.1790853,0
0.03710938,0
0.38836998,1
0.32607,1
0.15447858,0
0.17259397,0
0.13893357,0
0.46532798,1
0.4754762,1
0.11766546,0
0.401747,1
0.65054697,1
0.21557657,0
0.34955725,1
0.16888693,0
0.48072854,1
0.042284217,0
0.4954152,1
0.35054576,1
0.5041687,1
0.21363981,0
0.54808617,1
0.35052428,1
0.11569333,0
0.1855118,0
0.34194762,1
0.093724206,0
0.0448788,0
0.58204854,1
0.19981474,0
0.32111114,1
0.08807503,0
0.39102873,1
0.47176415,1
0.36156854,1
0.72446465,1
0.14931746,0
0.20498005,0
0.22700047,0
0.64991444,1
0.11926205,0
0.36880425,1
0.1158488,0
0.49892703,1
0.2999295,1
0.32804146,1
0.47111312,1
0.023714127,0
0.021425312,0
0.51299673,1
0.51347315,1
0.074660316,0
0.67011905,1
0.76526666,1
0.8067212,1
0.5019026,1
0.6027682,1
0.019178793,0
0.28880322,0
0.73773515,1
0.059065532,0
0.32357404,1
0.3679983,1
0.45820868,1
0.19798993,0
0.36201334,1
0.24498387,0
0.34611186,1
0.51281375,1
0.040321942,0
0.49595955,1
0.06956299,0
0.3403142,1
0.25539103,0
0.50073814,1
0.5036802,1
0.44295958,1
0.5368655,1
0.76008916,1
0.6629137,1
0.6749818,1
0.23599924,0
0.05806478,0
0.63573706,1
0.5195354,1
0.47513923,1
0.45659554,1
0.022138745,0
0.8665774,1
0.7846813,1
0.2496768,0
0.037686344,0
0.5593213,1
0.17162085,0
0.21129526,0
0.45875546,1
0.6541696,1
0.3205394,1
0.42078435,1
0.437112,1
0.7651579,1
0.270843,0
0.9183487,1
0.5607529,1
0.19832772,0
0.45298538,1
0.5359906,1
0.7752284,1
0.43347415,1
0.6345379,1
0.41889554,1
0.16847311,0
0.7328217,1
0.36975947,1
0.563235,1
0.51526695,1
0.139833,0
0.32982528,1
0.06988868,0
0.79916924,1
0.2731527,0
0.4993923,1
0.46212697,1
0.3180171,1
0.45064545,1
0.38700876,1
0.68242246,1
0.3246778,1
0.09156711,0
0.25385875,0
0.28332198,0
0.8274324,1
0.06694727,0
0.2998226,1
0.2676836,0
0.192621,0
0.43231636,1
0.8922062,1
0.30833045,1
0.3765661,1
0.44932127,1
0.10954755,0
0.54290324,1
0.31366313,1
0.30097142,1
0.29270247,0
0.3116304,1
0.13588919,0
0.20589115,0
0.14653343,0
0.3698763,1
0.27417657,0
0.42182255,1
0.12461205,0
0.62909794,1
0.29999796,1
0.29587683,0
0.31530923,1
0.38219735,1
0.067164354,0
0.19721048,0
0.14626187,0
0.6997024,1
0.35751325,1
0.073106006,0
0.49824286,1
0.23069979,0
0.332133,1
0.46034515,1
0.5746278,1
0.03582341,0
0.50336826,1
0.38744792,1
0.4158759,1
0.46296892,1
0.41187775,1
0.59152216,1
0.6443997,1
0.3027402,1
0.691216,1
0.8031485,1
0.3140245,1
0.41339403,1
0.50229245,1
0.5563744,1
0.6398352,1
0.4907339,1
0.26202372,0
0.4691313,1
0.59487486,1
0.23208492,0
0.5285198,1
0.7402216,1
0.38536227,1
0.31060496,1
0.708892,1
0.40776613,1
0.59702927,1
0.5583371,1
0.13259421,0
0.49116477,1
0.8055886,1
0.2827714,0
0.3206538,1
0.08801822,0
0.7328264,1
0.5858432,1
0.45833388,1
0.31027275,1
0.15401858,0
0.4079229,1
0.76281565,1
0.09978873,0
0.5316509,1
0.09368369,0
0.29289594,0
0.47592217,1
0.69494957,1
0.26008266,0
0.17381218,0
0.4314326,1
0.4558924,1
0.13628022,0
0.015087337,0
0.6880328,1
0.17702177,0
0.5294228,1
0.566355,1
0.1011784,0
0.24989383,0
0.31783548,1
0.68712425,1
0.2552196,0
0.2182405,0
0.50785655,1
0.50614685,1
0.5008001,1
0.8448155,1
0.06607689,0
0.49155325,1
0.76149267,1
0.38023743,1
0.1235959,0
0.1009696,0
0.39911574,1
0.062168136,0
0.0836344,0
0.659572,1
0.3655648,1
0.5313751,1
0.3886119,1
0.17314717,0
0.123303145,0
0.06552364,0
0.161953,0
0.35275513,1
0.5427521,1
0.096580535,0
0.46061137,1
0.06078636,0
0.4399084,1
0.29883626,1
0.7771478,1
0.48434773,1
0.13699643,0
0.49444515,1
0.08529795,0
0.77355456,1
0.56208414,1
0.36653405,1
0.12803964,0
0.12976454,0
0.40927202,1
0.12636241,0
0.55165094,1
0.29228005,0
0.30993766,1
0.5818651,1
0.42381638,1
0.081663646,0
0.62974596,1
0.49744064,1
0.09666084,0
0.15469411,0
0.23453563,0
0.28342065,0
0.78975457,1
0.3145138,1
0.06433328,0
0.5012772,1
0.8626422,1
0.41399196,1
0.5260881,1
0.45459142,1
0.29970482,1
0.6014484,1
0.4020628,1
0.40148008,1
0.046154488,0
0.09663286,0
0.34588528,1
0.6942621,1
0.37963316,1
0.24122722,0
0.27848598,0
0.8605903,1
0.023286317,0
0.12698548,0
0.3155361,1
0.39906806,1
0.46755826,1
0.37320453,1
0.19216307,0
0.53311765,1
0.3787199,1
0.25966072,0
0.17038791,0
0.3159208,1
0.40712833,1
0.24816488,0
0.29486087,0
0.31423473,1
0.062079564,0
0.48960155,1
0.27701673,0
0.57472193,1
0.57705545,1
0.4758699,1
0.15250632,0
0.66291416,1
0.4620917,1
0.51917875,1
0.081876226,0
0.31582484,1
0.5152354,1
0.3122514,1
0.25492117,0
0.476595,1
0.3317745,1
0.29225945,0
0.42099312,1
0.77214587,1
0.25317618,0
0.13400368,0
0.24851842,0
0.3235572,1
0.6015616,1
0.23678797,0
0.41803646,1
0.51607126,1
0.45235556,1
0.38609597,1
0.68938565,1
0.42097086,1
0.5894995,1
0.39711025,1
0.06916777,0
0.30831245,1
0.7103,1
0.36460453,1
0.2824372,0
0.22886667,0
0.24902537,0
0.1544842,0
0.53960603,1
0.07245866,0
0.49539986,1
0.5775203,1
0.19231385,0
0.3228413,1
0.069137186,0
0.7129879,1
0.50169134,1
0.02217456,0
0.41103765,1
0.6425799,1
0.6670287,1
0.26549128,0
0.29651773,0
0.48955226,1
0.09097868,0
0.55531734,1
0.13258103,0
0.69145113,1
0.2168137,0
0.2900688,0
0.57031155,1
0.25229362,0
0.2732065,0
0.19256543,0
0.57543606,1
0.5265955,1
0.2976613,1
0.3712723,1
0.26184678,0
0.17881984,0
0.019744178,0
0.5041022,1
0.4271253,1
0.22368331,0
0.3460374,1
0.4381609,1
0.5506949,1
0.3480498,1
0.77057457,1
0.10583689,0
0.31165674,1
0.29810935,1
0.26118806,0
0.6401305,1
0.5302396,1
0.3251546,1
0.42592818,1
0.40794265,1
0.4345362,1
0.09647075,0
0.06409723,0
0.37970814,1
0.14149739,0
0.4451091,1
0.49137968,1
0.044246234,0
0.26950976,0
0.029975886,0
0.34403002,1
0.30316156,1
0.5160154,1
0.7157603,1
0.5398284,1
0.6441736,1
0.44052762,1
0.6345159,1
0.14743873,0
0.5509858,1
0.82002515,1
0.017074175,0
0.27486742,0
0.042463653,0
0.06727181,0
0.38941845,1
0.6268175,1
0.3077054,1
0.32850522,1
0.23373169,0
0.3956857,1
0.3195935,1
0.46260157,1
0.08183646,0
0.49826676,1
0.50724673,1
0.67757064,1
0.25984725,0
0.14542854,0
0.45506144,1
0.07246773,0
0.63253564,1
0.25708577,0
0.4715479,1
0.13368306,0
0.5959899,1
0.559202,1
0.39658955,1
0.857402,1
0.07092542,0
0.35673195,1
0.69595385,1
0.07143457,0
0.040969815,0
0.65889114,1
0.5591257,1
0.40918124,1
0.272823,0
0.5601149,1
0.33519953,1
0.057225566,0
0.534035,1
0.28865862,0
0.27783954,0
0.4184494,1
0.31096527,1
0.39926246,1
0.5803413,1
0.24891232,0
0.091494255,0
0.5342513,1
0.43027374,1
0.23907739,0
0.018577268,0
0.5623424,1
0.47759476,1
0.4245895,1
0.47271827,1
0.16866775,0
0.54530257,1
0.30314103,1
0.15127411,0
0.14475468,0
0.3008243,1
0.600539,1
0.30512255,1
0.7904018,1
0.065835945,0
0.869403,1
0.4473531,1
0.2623961,0
0.12672207,0
0.65513736,1
0.29792285,1
0.27113447,0
0.053877372,0
0.72861797,1
0.11469395,0
0.03239828,0
0.574853,1
0.11405115,0
0.4714481,1
0.33877778,1
0.033749092,0
0.14573044,0
0.21861129,0
0.39112738,1
0.5904502,1
0.23890036,0
0.40286395,1
0.5684401,1
0.32635012,1
0.639453,1
0.45606866,1
0.8753541,1
0.4201147,1
0.75837576,1
0.1726126,0
0.52898985,1
0.0169821,0
0.51133996,1
0.10827407,0
0.41196647,1
0.17582174,0
0.30907753,1
0.5423795,1
0.42920384,1
0.759962,1
0.3057224,1
0.2321947,0
0.10363054,0
0.28816336,0
0.59710455,1
0.27284732,0
0.0597022,0
0.40399668,1
0.042944495,0
0.1565181,0
0.507233,1
0.655475,1
0.604363,1
0.35546228,1
0.2828697,0
0.28359267,0
0.36959535,1
0.7273234,1
0.39045867,1
0.1864755,0
0.53121114,1
0.04264016,0
0.3015077,1
0.35539377,1
0.33053556,1
0.22847243,0
0.5893315,1
0.4950481,1
0.20467575,0
0.32103157,1
0.9040826,1
0.238326,0
0.49136186,1
0.48675218,1
0.20939192,0
0.4025713,1
0.78464586,1
0.3435297,1
0.2728907,0
0.65038586,1
0.28842652,0
0.069063075,0
0.177138,0
0.37271604,1
0.2717254,0
0.7580256,1
0.02344859,0
0.10996568,0
0.65146637,1
0.048534624,0
0.07904007,0
0.018127177,0
0.046717484,0
0.48137245,1
0.5842785,1
0.033757273,0
0.011144629,0
0.08840768,0
0.70045745,1
0.15322122,0
0.26461726,0
0.13996412,0
0.57419866,1
0.59250635,1
0.17649597,0
0.36927223,1
0.48080727,1
0.47963682,1
0.27155298,0
0.57363194,1
0.6710982,1
0.2693969,0
0.134931,0
0.54687655,1
0.025687793,0
0.5680252,1
0.5255296,1
0.7551931,1
0.6130625,1
0.30912355,1
0.57633334,1
0.38997984,1
0.52989835,1
0.109744385,0
0.49091873,1
0.60364646,1
0.025764683,0
0.3548825,1
0.07618624,0
0.41473716,1
0.31842983,1
0.57243764,1
0.061309405,0
0.5848351,1
0.4593356,1
0.028827662,0
0.42967734,1
0.07356981,0
0.61687607,1
0.100837044,0
0.11368691,0
0.58405906,1
0.108678915,0
0.55553794,1
0.60157835,1
0.2385324,0
0.023646861,0
0.24060987,0
0.6237237,1
0.4440725,1
0.1926848,0
0.38704216,1
0.41126636,1
0.117826454,0
0.53182614,1
0.43773502,1
0.13054839,0
0.18140608,0
0.5425495,1
0.45249575,1
0.10016586,0
0.1859262,0
0.23084527,0
0.14875576,0
0.15062618,0
0.15139945,0
0.31479847,1
0.66532904,1
0.27250323,0
0.52505827,1
0.4154206,1
0.30890566,1
0.6052433,1
0.39974007,1
0.584236,1
0.47009656,1
0.29858717,1
0.49689198,1
0.41462263,1
0.22526515,0
0.08708043,0
0.3547367,1
0.41929388,1
0.2739739,0
0.8595419,1
0.6573079,1
0.38349336,1
0.7477707,1
0.8033856,1
0.59169984,1
0.071538925,0
0.22204097,0
0.50936586,1
0.50535977,1
0.6866901,1
0.26692826,0
0.43714178,1
0.6755661,1
0.54729354,1
0.118127555,0
0.4582859,1
0.50668126,1
0.10921142,0
0.27078357,0
0.114774235,0
0.4401818,1
0.46301135,1
0.43645248,1
0.8693456,1
0.4634467,1
0.39514083,1
0.13928975,0
0.25383824,0
0.27996865,0
0.426852,1
0.26539117,0
0.10297826,0
0.38085616,1
0.27617517,0
0.5536344,1
0.19217509,0
0.18264489,0
0.6666865,1
0.05937551,0
0.46713144,1
0.43451867,1
0.13623045,0
0.3000857,1
0.7459415,1
0.24764076,0
0.13215247,0
0.14832276,0
0.79015523,1
0.41450205,1
0.67807686,1
0.42733333,1
0.6815991,1
0.14100987,0
0.31105092,1
0.20511588,0
0.45336905,1
0.37941352,1
0.099929295,0
0.89089966,1
0.832346,1
0.3826356,1
0.06709669,0
0.4920885,1
0.46599028,1
0.5767455,1
0.42919278,1
0.017538054,0
0.5207773,1
0.058047246,0
0.35731614,1
0.30694288,1
0.5478231,1
0.42831844,1
0.18379848,0
0.82882565,1
0.14339887,0
0.45194304,1
0.6383555,1
0.33618286,1
0.5784777,1
0.14923635,0
0.023693763,0
0.5496157,1
0.8737809,1
0.48078987,1
0.52388287,1
0.55947495,1
0.61031115,1
0.024435278,0
0.57842857,1
0.13075453,0
0.3429038,1
0.39077854,1
0.42617363,1
0.015447118,0
0.41917053,1
0.24041009,0
0.6020792,1
0.38836917,1
0.31075794,1
0.3432616,1
0.3873982,1
0.12779042,0
0.29302645,0
0.38561997,1
0.37089422,1
0.14313623,0
0.4385804,1
0.5247349,1
0.26352572,0
0.47151783,1
0.56337965,1
0.4459984,1
0.7274259,1
0.68543017,1
0.20384277,0
0.08276879,0
0.34118083,1
0.46752694,1
0.2666176,0
0.07761467,0
0.029560294,0
0.18844922,0
0.77390754,1
0.57377565,1
0.51481,1
0.5466238,1
0.39815614,1
0.31521973,1
0.7620148,1
0.3959749,1
0.48032263,1
0.48532677,1
0.22568114,0
0.52095664,1
0.625152,1
0.12706259,0
0.42947847,1
0.075449385,0
0.33082873,1
0.54720664,1
0.46380734,1
0.07106928,0
0.34593424,1
0.39008987,1
0.11608985,0
0.42520252,1
0.5014222,1
0.37473524,1
0.53352517,1
0.10956935,0
0.4526616,1
0.20674673,0
0.15836239,0
0.5741839,1
0.11436157,0
0.41147542,1
0.3296684,1
0.47916448,1
0.27650347,0
0.08667224,0
0.2014957,0
0.6230818,1
0.7744098,1
0.4320692,1
0.061093166,0
0.6866055,1
0.08861501,0
0.46208796,1
0.19843216,0
0.5832523,1
0.5388188,1
0.78698695,1
0.12337512,0
0.5865226,1
0.234934,0
0.49763817,1
0.46791637,1
0.5402521,1
0.40725344,1
0.16813226,0
0.1488202,0
0.65242887,1
0.5127903,1
0.49276683,1
0.38249362,1
0.2653301,0
0.08812412,0
0.59577036,1
0.41930473,1
0.17955273,0
0.5334246,1
0.424817,1
0.14759636,0
0.032806426,0
0.23970169,0
0.047349222,0
0.29656756,0
0.26455396,0
0.15722254,0
0.15098773,0
0.26745823,0
0.19112757,0
0.5558726,1
0.07904459,0
0.32750347,1
0.20023574,0
0.48703325,1
0.53683305,1
0.261466,0
0.48434818,1
0.38029784,1
0.30354124,1
0.5818266,1
0.16805637,0
0.8838555,1
0.016401378,0
0.4752284,1
0.35681167,1
0.34751973,1
0.45630893,1
0.5645811,1
0.38325107,1
0.19676004,0
0.06989218,0
0.3108927,1
0.8017824,1
0.4442144,1
0.10240398,0
0.19158694,0
0.4381947,1
0.2585578,0
0.093140155,0
0.34321502,1
0.72997063,1
0.50558525,1
0.27690473,0
0.16272426,0
0.034558453,0
0.39375582,1
0.38531205,1
0.4255874,1
0.35454002,1
0.410289,1
0.30653647,1
0.7282188,1
0.07317773,0
0.32485643,1
0.6448895,1
0.060983017,0
0.4813941,1
0.32203016,1
0.24395524,0
0.53991073,1
0.10691233,0
0.2702499,0
0.43902165,1
0.18874048,0
0.5641817,1
0.21426547,0
0.0658251,0
0.6857765,1
0.41991463,1
0.17582516,0
0.43990046,1
0.36709312,1
0.294825,0
0.3497145,1
0.5899592,1
0.28055558,0
0.060782827,0
0.2608942,0
0.107382506,0
0.19600886,0
0.20390265,0
0.2306638,0
0.40747982,1
0.28441247,0
0.4433854,1
0.7283302,1
0.5865531,1
0.32921854,1
0.7222631,1
0.23878422,0
0.5318275,1
0.08666171,0
0.34672305,1
0.39389938,1
0.098537065,0
0.26988342,0
0.51819503,1
0.1587155,0
0.3820709,1
0.24739237,0
0.625467,1
0.6563598,1
0.43214896,1
0.14411266,0
0.32822773,1
0.16781728,0
0.59539187,1
0.64270836,1
0.20208585,0
0.577244,1
0.6360299,1
0.11449131,0
0.16041411,0
0.28868222,0
0.28129646,0
0.31069168,1
0.02848811,0
0.8663205,1
0.29818547,1
0.25105613,0
0.72603476,1
0.51357466,1
0.33324766,1
0.1483866,0
0.016498493,0
0.11332322,0
0.29270783,0
0.0968371,0
0.7141762,1
0.047794018,0
0.6079756,1
0.45252413,1
0.2867461,0
0.38552672,1
0.50535506,1
0.521051,1
0.33929843,1
0.11785337,0
0.34362835,1
0.5181246,1
0.024080254,0
0.3797752,1
0.54028726,1
0.14219248,0
0.16551845,0
0.45392597,1
0.40150452,1
0.17887779,0
0.37543562,1
0.3600937,1
0.2787934,0
0.1790757,0
0.17319961,0
0.46096256,1
0.7048052,1
0.25552073,0
0.8140634,1
0.32964677,1
0.47227627,1
0.47512892,1
0.5616309,1
0.45958754,1
0.05470326,0
0.26908246,0
0.2813931,0
0.029005222,0
0.2595458,0
0.16662644,0
0.16975959,0
0.55449706,1
0.3470077,1
0.13398927,0
0.23759815,0
0.18717925,0
0.7762951,1
0.23852128,0
0.04823872,0
0.7513476,1
0.42585546,1
0.54726946,1
0.21305938,0
0.13588634,0
0.67490786,1
0.3414322,1
0.15775874,0
0.052207176,0
0.27914628,0
0.012214242,0
0.75982445,1
0.1295563,0
0.1564173,0
0.3703016,1
0.14687794,0
0.56309766,1
0.32072115,1
0.6791877,1
0.02681295,0
0.37240595,1
0.1159814,0
0.64116234,1
0.08640354,0
0.63955665,1
0.35344172,1
0.4838876,1
0.3088205,1
0.63225305,1
0.86767507,1
0.33875954,1
0.3273109,1
0.036502954,0
0.49738997,1
0.47394702,1
0.22150372,0
0.55759543,1
0.6552821,1
0.035947446,0
0.47587454,1
0.647457,1
0.55443406,1
0.1440912,0
0.5495686,1
0.45737496,1
0.3567062,1
0.2601293,0
0.34670964,1
0.05138601,0
0.26758415,0
0.05754548,0
0.6571881,1
0.50069857,1
0.13526037,0
0.135669,0
0.41919228,1
0.2429184,0
0.3873015,1
0.510595,1
0.44952482,1
0.05508569,0
0.45432875,1
0.079015315,0
0.33896416,1
0.5160739,1
0.12203869,0
0.21603812,0
0.50596446,1
0.5285053,1
0.36884922,1
0.1531086,0
0.23598638,0
0.694738,1
0.45246643,1
0.6937768,1
0.36321333,1
0.4974516,1
0.26476523,0
0.2995543,1
0.39873362,1
0.3215542,1
0.1398363,0
0.111586064,0
0.32663274,1
0.06687977,0
0.4465059,1
0.32929096,1
0.25171208,0
0.5195517,1
0.44768524,1
0.41333482,1
0.16852236,0
0.29754084,1
0.5447088,1
0.38806534,1
0.020929711,0
0.26288363,0
0.6325562,1
0.12546563,0
0.3466486,1
0.23399399,0
0.31075585,1
0.83620054,1
0.79575765,1
0.19129439,0
0.020429766,0
0.47002348,1
0.2843734,0
0.28995666,0
0.648581,1
0.5297802,1
0.07106028,0
0.06405985,0
0.36557963,1
0.3195041,1
0.3148853,1
0.35095483,1
0.44910097,1
0.25128964,0
0.46996623,1
0.08845465,0
0.081320114,0
0.2605325,0
0.04116213,0
0.444929,1
0.5156288,1
0.31117728,1
0.17968385,0
0.5268422,1
0.39437905,1
0.28975484,0
0.09002461,0
0.042713042,0
0.2870596,0
0.032843687,0
0.59621507,1
0.15587875,0
0.05728837,0
0.66877574,1
0.5324859,1
0.48919332,1
0.7610332,1
0.6850829,1
0.2799437,0
0.33369258,1
0.6318539,1
0.43251663,1
0.36144325,1
0.45751107,1
0.67302924,1
0.29119334,0
0.35333422,1
0.74630857,1
0.02455619,0
0.57231313,1
0.5481025,1
0.77438045,1
0.010841185,0
0.26739302,0
0.5989344,1
0.41429186,1
0.034580063,0
0.4322797,1
0.30012086,1
0.5964366,1
0.46570694,1
0.3008334,1
0.72772956,1
0.19750528,0
0.37590632,1
0.23504722,0
0.49474925,1
0.17063515,0
0.3466631,1
0.1097259,0
0.06168224,0
0.27834707,0
0.28393275,0
0.64030564,1
0.2936881,0
0.322079,1
0.27592418,0
0.25043207,0
0.46462643,1
0.076990396,0
0.4531348,1
0.7330364,1
0.3766147,1
0.5115307,1
0.35179895,1
0.43315706,1
0.10277129,0
0.04859033,0
0.54691017,1
0.5287844,1
0.39153117,1
0.08940252,0
0.6654314,1
0.6317702,1
0.5953592,1
0.7009315,1
0.37561128,1
0.19881682,0
0.5576748,1
0.20327035,0
0.20551042,0
0.04373711,0
0.8910064,1
0.77897984,1
0.3471142,1
0.2024747,0
0.4380814,1
0.04120169,0
0.534507,1
0.5569008,1
0.31178892,1
0.1565517,0
0.3753711,1
0.40876514,1
0.48308173,1
0.3987667,1
0.37696654,1
0.5023443,1
0.105379134,0
0.31992838,1
0.3679663,1
0.4295665,1
0.019803936,0
0.32303408,1
0.34922642,1
0.4298234,1
0.1466323,0
0.7409316,1
0.058185164,0
0.16937837,0
0.6533091,1
0.3966537,1
0.27644244,0
0.8357462,1
0.4103762,1
0.4144588,1
0.06918827,0
0.38892612,1
0.06583256,0
0.524431,1
0.2919139,0
0.5259154,1
0.53898364,1
0.45176932,1
0.510967,1
0.3535864,1
0.4493877,1
0.13090314,0
0.7464236,1
0.65615106,1
0.30684185,1
0.3114826,1
0.44421107,1
0.35011658,1
0.18669538,0
0.48397171,1
0.177744,0
0.21104321,0
0.19785444,0
0.4644252,1
0.4522667,1
0.51622623,1
0.2707711,0
0.8054113,1
0.47434428,1
0.16979532,0
0.5504535,1
0.20310208,0
0.42227024,1
0.57095826,1
0.10334805,0
0.24655761,0
0.092952564,0
0.42806175,1
0.3924166,1
0.036851976,0
0.6463442,1
0.10879529,0
0.30628556,1
0.37230048,1
0.11900182,0
0.20835255,0
0.43510547,1
0.7168642,1
0.2665162,0
0.52073836,1
0.39655963,1
0.4142074,1
0.38308886,1
0.035139076,0
0.43212804,1
0.485085,1
0.2053851,0
0.539999,1
0.097839534,0
0.6592657,1
0.14407939,0
0.5095219,1
0.49038866,1
0.4039104,1
0.42240974,1
0.30659583,1
0.46274632,1
0.36883143,1
0.42641136,1
0.52596176,1
0.2939997,0
0.26295188,0
0.55544186,1
0.17140897,0
0.18266644,0
0.54331875,1
0.50101715,1
0.17415936,0
0.7229327,1
0.09003307,0
0.45384791,1
0.45463535,1
0.50241745,1
0.76450324,1
0.585391,1
0.53410035,1
0.08398864,0
0.49315998,1
0.48607183,1
0.0680618,0
0.23923956,0
0.3155326,1
0.6416102,1
0.014882535,0
0.5408853,1
0.6761476,1
0.9303097,1
0.26280984,0
0.0731332,0
0.2860328,0
0.17879608,0
0.08794918,0
0.8402281,1
0.3086294,1
0.4567064,1
0.51199675,1
0.5375227,1
0.1966729,0
0.5684669,1
0.044747952,0
0.6384988,1
0.30590817,1
0.15780725,0
0.7202786,1
0.2811683,0
0.53421146,1
0.22630154,0
0.18709981,0
0.45819342,1
0.47210485,1
0.30150634,1
0.6404605,1
0.2757381,0
0.23882501,0
0.0850215,0
0.35185158,1
0.4765452,1
0.040668298,0
0.08278516,0
0.29502767,0
0.40881783,1
0.6590283,1
0.3235554,1
0.4401745,1
0.6079016,1
0.31620136,1
0.851841,1
0.5766354,1
0.05117615,0
0.30034047,1
0.74897027,1
0.22280833,0
0.3962765,1
0.027319208,0
0.18018237,0
0.5443409,1
0.060605563,0
0.12791707,0
0.47603354,1
0.5809143,1
0.2861748,0
0.42412856,1
0.52696353,1
0.4883099,1
0.4338267,1
0.18891281,0
0.06389064,0
0.118904054,0
0.13122065,0
0.4324435,1
0.5671791,1
0.5169552,1
0.28044075,0
0.89264715,1
0.17091957,0
0.14301763,0
0.4250754,1
0.46690524,1
0.14251898,0
0.21490851,0
0.5834331,1
0.40876275,1
0.7172522,1
0.07510993,0
0.60784334,1
0.28743178,0
0.51918244,1
0.31189036,1
0.7542823,1
0.23124988,0
0.43360487,1
0.7124783,1
0.4652353,1
0.27921167,0
0.7923668,1
0.028657489,0
0.5161455,1
0.26564813,0
0.5468874,1
0.11351499,0
0.31308565,1
0.46837953,1
0.32611623,1
0.15528017,0
0.22366148,0
0.5500088,1
0.5164918,1
0.46881202,1
0.36553448,1
0.61638194,1
0.5208943,1
0.61976993,1
0.37823355,1
0.60444915,1
0.33729026,1
0.5088429,1
0.42948613,1
0.33665785,1
0.11612248,0
0.6896222,1
0.45315883,1
0.055207156,0
0.5654902,1
0.6243135,1
0.43266028,1
0.5744764,1
0.47581765,1
0.35008696,1
0.3963043,1
0.2150843,0
0.0562818,0
0.19714122,0
0.10174911,0
0.121275656,0
0.14269999,0
0.5291767,1
0.35132688,1
0.4648744,1
0.44965166,1
0.34865054,1
0.4368465,1
0.58568573,1
0.86902636,1
0.118955866,0
0.36419877,1
0.7891045,1
0.54553485,1
0.5407922,1
0.31359866,1
0.26551256,0
0.5555763,1
0.03535924,0
0.6854497,1
0.3380369,1
0.4813505,1
0.36108747,1
0.8103539,1
0.359228,1
0.40357736,1
0.25680247,0
0.46890128,1
0.61266476,1
0.5627725,1
0.5214125,1
0.49067652,1
0.6980053,1
0.17405644,0
0.5588053,1
0.6482086,1
0.6168303,1
0.72796595,1
0.13791257,0
0.79253596,1
0.33615413,1
0.5982333,1
0.253244,0
0.07652357,0
0.42299,1
0.52438843,1
0.69847304,1
0.0932646,0
0.339862,1
0.6480069,1
0.4491414,1
0.20372693,0
0.13415678,0
0.7122971,1
0.6740539,1
0.4954955,1
0.38543758,1
0.3659781,1
0.40395966,1
0.7427195,1
0.6517734,1
0.2808062,0
0.44957677,1
0.39679506,1
0.15691653,0
0.575179,1
0.45194408,1
0.8046142,1
0.44022402,1
0.32503188,1
0.6812846,1
0.7533185,1
0.280065,0
0.06390726,0
0.6260761,1
0.26188782,0
0.37974417,1
0.35193145,1
0.4081032,1
0.6007331,1
0.30827644,1
0.62935233,1
0.33364865,1
0.8438461,1
0.5860177,1
0.093235396,0
0.41403592,1
0.36407593,1
0.7383971,1
0.4493647,1
0.06624369,0
0.04204097,0
0.56186676,1
0.24005534,0
0.14751805,0
0.43280798,1
0.29395443,0
0.31768456,1
0.096588165,0
0.4074006,1
0.2003812,0
0.07798844,0
0.597754,1
0.31790572,1
0.03779276,0
0.20321764,0
0.35486537,1
0.32179466,1
0.48645392,1
0.25283417,0
0.796862,1
0.63803154,1
0.07858551,0
0.26378992,0
0.29907265,1
0.75633925,1
0.5454083,1
0.110520296,0
0.32145643,1
0.48206756,1
0.33147192,1
0.18481635,0
0.5106021,1
0.116903275,0
0.2961531,0
0.07082899,0
0.67816025,1
0.15650682,0
0.038821023,0
0.40196264,1
0.20558919,0
0.3409459,1
0.62600046,1
0.38124043,1
0.073635906,0
0.5606966,1
0.6981165,1
0.77901405,1
0.6311091,1
0.34554368,1
0.49694622,1
0.5328435,1
0.27581894,0
0.6091058,1
0.37366378,1
0.10675028,0
0.28254312,0
0.5460583,1
0.3310152,1
0.4027666,1
0.25124106,0
0.3283938,1
0.61422783,1
0.3219135,1
0.013986281,0
0.1350723,0
0.094760604,0
0.3281905,1
0.2380906,0
0.43305698,1
0.63072354,1
0.30111265,1
0.6599676,1
0.022146804,0
0.35278565,1
0.5064981,1
0.45325384,1
0.288599,0
0.63686144,1
0.050755955,0
0.22914372,0
0.32087216,1
0.4778891,1
0.14506769,0
0.55122024,1
0.049580213,0
0.57034373,1
0.04872922,0
0.64793533,1
0.23533225,0
0.20911379,0
0.115349665,0
0.32258067,1
0.2853479,0
0.51826084,1
0.51104033,1
0.12738836,0
0.7741016,1
0.30142307,1
0.29946992,1
0.03215979,0
0.07823574,0
0.5777252,1
0.3611304,1
0.21733288,0
0.6389531,1
0.41291112,1
0.33092105,1
0.36770356,1
0.6545519,1
0.0774647,0
0.028613789,0
0.18376136,0
0.265046,0
0.48126417,1
0.52499056,1
0.43416032,1
0.5714962,1
0.33035302,1
0.4320559,1
0.036918998,0
0.65394187,1
0.33287054,1
0.3139729,1
0.4799138,1
0.06566243,0
0.25262776,0
0.38432083,1
0.37432986,1
0.36791056,1
0.124342605,0
0.15667464,0
0.47072092,1
0.40180838,1
0.36437526,1
0.1056191,0
0.39932722,1
0.18696445,0
0.13375813,0
0.5053841,1
0.6697811,1
0.18258815,0
0.21116625,0
0.033308484,0
0.34575927,1
0.025829507,0
0.22178657,0
0.33424574,1
0.24536438,0
0.42891183,1
0.12523331,0
0.17837933,0
0.16381286,0
0.4576654,1
0.31935397,1
0.389182,1
0.08946066,0
0.48955163,1
0.18653633,0
0.22193247,0
0.77006197,1
0.50660074,1
0.027440554,0
0.57635796,1
0.6721213,1
0.22013694,0
0.24065444,0
0.4169515,1
0.3774774,1
0.17433083,0
0.30714843,1
0.661794,1
0.3377133,1
0.16386804,0
0.087690726,0
0.035596356,0
0.30964935,1
0.5297805,1
0.108879216,0
0.4701858,1
0.12101731,0
0.06089,0
0.31553572,1
0.026376748,0
0.6303878,1
0.30888945,1
0.4555346,1
0.2940545,0
0.48398936,1
0.598722,1
0.23605917,0
0.4379875,1
0.08024196,0
