proba,pred
0.3192532338181204,0
0.39112267051653754,0
0.4896131111150791,1
0.2265134968831033,0
0.5432197156562356,1
0.39420232128181676,0
0.3099455340314232,0
0.41466162329040557,0
0.19206304732131987,0
0.5525549139841067,1
0.49754601664242526,1
0.6650898743825996,1
0.6271747073323273,1
0.4697708197061567,1
0.655562682285436,1
0.5225635757669811,1
0.5980303913091274,1
0.4689338707478987,1
0.4964602202820315,1
0.7577504132962506,1
0.2443237367995261,0
0.5412630612705713,1
0.41575358946264224,0
0.27352664866429593,0
0.6646030169787993,1
0.46839031758114147,1
0.39219643427938977,0
0.4041514363721133,0
0.44811000399225737,0
0.4966125511336868,1
0.4442916979767397,0
0.5864387060416643,1
0.523003501198599,1
0.5211710870713856,1
0.3041124439816931,0
0.450673308576694,0
0.474478208988909,1
0.4518889624176056,0
0.36471499958685627,0
0.4592464443834595,1
0.440889538542224,0
0.5378486415605782,1
0.5042472372139631,1
0.542704329483156,1
0.5999857552502056,1
0.3944009987469,0
0.44936816276124897,0
0.37138752872376773,0
0.4480842248599261,0
0.5638901186895758,1
0.7562428319883526,1
0.47093504100291456,1
0.6161586767395394,1
0.5843780750644739,1
0.5367079174038915,1
0.53972316161691,1
0.37779784658138754,0
0.7642618375320338,1
0.36581880237739506,0
0.4911788524931298,1
0.584287835718207,1
0.5950751782293955,1
0.547490731699088,1
0.3355865227985453,0
0.6333151937617542,1
0.5431886338329448,1
0.5913174180995738,1
0.45690163562180647,1
0.5835658736128064,1
0.5171306657295903,1
0.5254989750904461,1
0.5151409670851572,1
0.44220063101835394,0
0.5996816940451495,1
0.5305843094526805,1
0.6359546480518911,1
0.5265336623434422,1
0.5491568250924218,1
0.27338458614571787,0
0.5681956822350612,1
0.27624082873228484,0
0.5651849348011424,1
0.6939551577337719,1
0.5273103392026846,1
0.4955065833621033,1
0.5687650944092967,1
0.5469149319388179,1
0.48070240730851327,1
0.46514928111175424,1
0.5486992420441644,1
0.5001611401650599,1
0.5154847679705176,1
0.5362457881103002,1
0.5946648431847522,1
0.5018548621548291,1
0.5651563896207956,1
0.46673129626011917,1
0.3722652751203771,0
0.36432919736477387,0
0.5417704736899893,1
0.5210711870384085,1
0.4968718960523435,1
0.1690672957748276,0
0.5173330219104303,1
0.45617142169780955,1
0.5127931266669747,1
0.40807323354844033,0
0.5151028018030513,1
0.15274517559824907,0
0.6138539232957866,1
0.2419674954078528,0
0.4429419318908627,0
0.5024742257633015,1
0.7610394248814439,1
0.5417672231704826,1
0.5330130500358536,1
0.49599803444098844,1
0.3145908443747971,0
0.3420029160204711,0
0.7941069255344828,1
0.5903474916792387,1
0.5028722384688985,1
0.5303367835837456,1
0.5056977452907999,1
0.17396371709865113,0
0.5066150382481737,1
0.464114446408544,1
0.4298970944554837,0
0.29458996274619,0
0.6222566994212058,1
0.6892059183846427,1
0.5357930091045079,1
0.6521831746466884,1
0.5737321168258928,1
0.2688246808079302,0
0.5549619443676662,1
0.5890354316851442,1
0.7141982619764806,1
0.5919624924488259,1
0.3160403128220458,0
0.5811077464442106,1
0.45619156522324045,1
0.7120609103582637,1
0.5002893004712887,1
0.4446702497468194,0
0.2884414576036574,0
0.25558396515327036,0
0.5222396723298611,1
0.461286564123549,1
0.27597090733555946,0
0.6994127687385402,1
0.673088393956256,1
0.5463026733596987,1
0.48172920289097104,1
0.4932364297399432,1
0.5193354520064906,1
0.4443905342687565,0
0.7282659430837932,1
0.43823294635407195,0
0.5305518466101969,1
0.6475934110057568,1
0.5958164044398878,1
0.45754094581122784,1
0.20434061780493942,0
0.6331448394623184,1
0.4099050233307093,0
0.5742255638516389,1
0.2735064490324076,0
0.6530916237203285,1
0.4505421883356628,0
0.5481815720081934,1
0.5018583381467854,1
0.7661302599233181,1
0.5018020238787085,1
0.45622977571885903,1
0.5939566413371592,1
0.6087655974441433,1
0.6704099152353319,1
0.35308318834161156,0
0.3630915488643928,0
0.6456855618613683,1
0.27358598149357727,0
0.5650012380644445,1
0.4683985914544817,1
0.28589917791291874,0
0.45882258430086825,1
0.5010063791693572,1
0.41501772164332046,0
0.6222168592269983,1
0.4384779673934267,0
0.5885831996428732,1
0.17294371893708618,0
0.578593328490709,1
0.24872592255059658,0
0.3057441726733403,0
0.29391562292312057,0
0.14583446057901556,0
0.47547343404744036,1
0.4720458666948319,1
0.36258074755522723,0
0.3280206563331386,0
0.41116371936006646,0
0.614505161424039,1
0.5503614209465322,1
0.39153740103497836,0
0.5319180614586675,1
0.6253068974365769,1
0.45423618528280885,1
0.5341987591005287,1
0.25722294111219524,0
0.5870105709410773,1
0.2492582906468465,0
0.5853564658874029,1
0.481640583321067,1
0.49758314587468844,1
0.4656927017072368,1
0.5932139158891455,1
0.5441782177555171,1
0.36649346892236867,0
0.2499689911211101,0
0.5367654599321002,1
0.2549370701232049,0
0.19928979909866648,0
0.6033568322610414,1
0.3270808158061134,0
0.5314684169003744,1
0.24407405650127667,0
0.3837679867641363,0
0.6120499118509977,1
0.4573499851378172,1
0.7525301782252896,1
0.36063276260146715,0
0.4417803794883517,0
0.5072900852904854,1
0.7223381233413549,1
0.322496346815438,0
0.4927458409595553,1
0.3079911117143135,0
0.5705171740524224,1
0.45464554739730045,1
0.48918851896291393,1
0.6365736264924232,1
0.16543481229248938,0
0.1954352730594914,0
0.5827337075294239,1
0.5929908569680087,1
0.24350680721889317,0
0.6086761376617399,1
0.731166684202588,1
0.6962773701250805,1
0.5903195188355798,1
0.6159098406165562,1
0.16198218385756336,0
0.48369364155308203,1
0.7022110068468433,1
0.24030389806716237,0
0.3804131880786447,0
0.6103678641745971,1
0.5370448009118808,1
0.36764026039377046,0
0.5778528965679045,1
0.45292481223716813,1
0.524472009600736,1
0.6569503711228964,1
0.20021637497173658,0
0.5463134703711574,1
0.3348683089350955,0
0.49045177819994656,1
0.4116760830440527,0
0.5209355960852513,1
0.5597363664408068,1
0.5956257192996959,1
0.5346339872404005,1
0.7653493465227783,1
0.6668007180449569,1
0.7045074969242592,1
0.4476182056203573,0
0.2478644836787151,0
0.48993713684651896,1
0.672838189206124,1
0.5539648046124448,1
0.5871726872892918,1
0.16572876017987212,0
0.6254865670466178,1
0.7104380191664474,1
0.44624519467636037,0
0.19925646637580569,0
0.6121048371858933,1
0.40756670283851093,0
0.5010607244878461,1
0.5133084822155733,1
0.6323329570408819,1
0.44821652788729743,0
0.45927242394024576,1
0.4927810060348719,1
0.7685133211736194,1
0.4661371993204683,1
0.8149837880515527,1
0.5601139676991748,1
0.5028600981869185,1
0.4987675971937027,1
0.5898533917908164,1
0.8076897882805848,1
0.5359952224415561,1
0.6513862140107117,1
0.6553081513196249,1
0.45725320000860015,1
0.7205291793800174,1
0.519604013261905,1
0.5998878826067621,1
0.5938553073081334,1
0.36442451218281247,0
0.4507072882121245,0
0.256419380086072,0
0.7668107003248059,1
0.46552870459088,1
0.5704197783734527,1
0.538746050363449,1
0.5111740392033417,1
0.5104953584360371,1
0.4476524942682692,0
0.631406549672326,1
0.5186821543956639,1
0.2634666008032708,0
0.36081665171628413,0
0.45547071693206675,1
0.7554656522945405,1
0.2409195555526063,0
0.4550793812183281,1
0.5277356607167123,1
0.38181052573744895,0
0.5207870631143726,1
0.8096413183165302,1
0.4494656217825744,0
0.5119341933489965,1
0.5794232332656271,1
0.28570615931216314,0
0.562097923121014,1
0.5027329895645143,1
0.4474944225630934,0
0.4376363110248638,0
0.5158074351073174,1
0.35780265844978276,0
0.4454297470552849,0
0.26752958291021034,0
0.44254388442517295,0
0.4636615611559002,1
0.5467976729539573,1
0.3564609977553402,0
0.6723702331508555,1
0.4682415663573534,1
0.43305711755914006,0
0.4519515484209439,0
0.44824957630869233,0
0.2764997949997007,0
0.5012913639402182,1
0.33037976534322055,0
0.7501472619657872,1
0.5399593927562719,1
0.2505092273091056,0
0.5223835747761553,1
0.4610792982598021,1
0.5135277672279743,1
0.6006214283018643,1
0.5631215472952487,1
0.2087458329783294,0
0.6180078133173934,1
0.42953107409907965,0
0.5080909151789266,1
0.5180361253505141,1
0.6185656177358335,1
0.6550641027919591,1
0.6739884315789203,1
0.4659322962049808,1
0.6858384168100434,1
0.7279523065958127,1
0.516511445735532,1
0.6458186600388408,1
0.49551361564694285,1
0.5966684067411011,1
0.611374009249919,1
0.61570469895187,1
0.4442531579111073,0
0.5926243109610296,1
0.6181854289221058,1
0.5500058798560249,1
0.6061696600522772,1
0.7680249910745077,1
0.5300566444882994,1
0.5141489640597696,1
0.6890185994455654,1
0.4904796944063358,1
0.596161803618452,1
0.5637257201306096,1
0.3687810881190261,0
0.5610860418832991,1
0.7620097346564182,1
0.5255188068310859,1
0.5065217218647039,1
0.25234634535363537,0
0.7102647793384219,1
0.5930917493331068,1
0.5182455439200833,1
0.45924065170916323,1
0.4227170829581111,0
0.5345570538710718,1
0.693982716841558,1
0.27608182302591644,0
0.6003452275581561,1
0.39088823285343377,0
0.4655369483637325,1
0.5602959716211997,1
0.7158989545613976,1
0.26511143816989585,0
0.3620968456082556,0
0.5349960086107008,1
0.5350509780317717,1
0.35995452058778016,0
0.15341210253914658,0
0.7673145075975002,1
0.33017981268973967,0
0.6253063498035661,1
0.5682979205598581,1
0.26567955328978793,0
0.47696783432951767,1
0.5244640272271375,1
0.6319322530325894,1
0.43475436881669055,0
0.4540978762875368,1
0.5782514143235797,1
0.6006019690193545,1
0.5321934415888872,1
0.7324172115471014,1
0.2752690337431999,0
0.6907306182363608,1
0.711213432816035,1
0.5880353322334589,1
0.3304779972561986,0
0.39478205189347654,0
0.5355150049337533,1
0.25986596265301143,0
0.28604754552563266,0
0.5994680687753222,1
0.5402956206289815,1
0.5801303012942632,1
0.5341506807749845,1
0.34184858923098976,0
0.34541065685639744,0
0.23640126360538502,0
0.35383612015889515,0
0.47613521253038876,1
0.5319999346069783,1
0.35666380028026046,0
0.5391062337147073,1
0.2615781473965812,0
0.5870290835477175,1
0.44089487094796437,0
0.7084481781643257,1
0.5929635693945374,1
0.302149487434429,0
0.5545323379971139,1
0.1776096710228909,0
0.6718745350961965,1
0.5406571671580588,1
0.4976129423901136,1
0.3600916561253941,0
0.3319010716462606,0
0.5648341770955674,1
0.340774738287104,0
0.5990574083578155,1
0.40438074069064234,0
0.4698306948538717,1
0.6348765630795296,1
0.569158180958791,1
0.2522448274853508,0
0.6340765876075674,1
0.5901274005636329,1
0.3153589414139779,0
0.3727616172696231,0
0.4563092714554527,1
0.45375410987746856,1
0.7930332180326832,1
0.44864115247503206,0
0.26599574245054125,0
0.593173166311295,1
0.7884858002099357,1
0.5432368539099648,1
0.6010626334720404,1
0.5511453219192167,1
0.4580598375725602,1
0.6187199352467467,1
0.5127708952145457,1
0.5168940032488614,1
0.25503945501233444,0
0.2527989339413367,0
0.5231538347905584,1
0.6941105837177158,1
0.5953043043758885,1
0.45859554621740434,1
0.44184860779391877,0
0.7938026874776534,1
0.17399789800342394,0
0.25793184955916504,0
0.455830573971288,1
0.524595027155443,1
0.5078415048370301,1
0.5056264522894557,1
0.36039171287600086,0
0.583182431487109,1
0.5876184231126867,1
0.5371476588956972,1
0.40004852037994626,0
0.4658692388884668,1
0.5272192255124105,1
0.47746024357384886,1
0.4622039345752805,1
0.4468777773127294,0
0.2697642927095371,0
0.5205190714774133,1
0.5180487164435493,1
0.5395844385609545,1
0.5920278353464801,1
0.6003704197313886,1
0.362053260083807,0
0.6169988324315758,1
0.5559647277911474,1
0.531098500520076,1
0.24802454556384335,0
0.5448319913159376,1
0.5186132671856705,1
0.4687007791792824,1
0.46852714783889515,1
0.5214026857403468,1
0.46691529936332593,1
0.44329076953159197,0
0.5236597460624033,1
0.7364478563433687,1
0.40714822251097554,0
0.3094964210513542,0
0.39106549957094255,0
0.48250788648810367,1
0.5400026180146396,1
0.44600151167070445,0
0.4992235801419506,1
0.5763712199034424,1
0.5686357162795883,1
0.5381808959945478,1
0.5628515172820738,1
0.5082839799931564,1
0.6327794641977725,1
0.5405412824132061,1
0.2479904954624107,0
0.46728404657936307,1
0.69654510322788,1
0.5254781086616346,1
0.5044704422492582,1
0.4025959196188232,0
0.4409552162955641,0
0.2983860572236904,0
0.5927393042448181,1
0.24286694698878625,0
0.48944413838897494,1
0.5835267851340689,1
0.2790671792786891,0
0.4574672474757409,1
0.26322691998297293,0
0.6369850714964962,1
0.5438090837191798,1
0.17510940802114636,0
0.5091091635873793,1
0.5964068830844801,1
0.6980465592518754,1
0.5671447245219002,1
0.4565532476269272,1
0.5864110166469257,1
0.37413931745992013,0
0.6541295005723679,1
0.3266004632287629,0
0.6397975965790661,1
0.3202206266297128,0
0.5777182586988215,1
0.6085493713990013,1
0.44868783182572913,0
0.4609364942312002,1
0.40303708751752687,0
0.5671576406815315,1
0.5551270350016146,1
0.569527950373485,1
0.5074031129138828,1
0.5003108814817664,1
0.3042441234386653,0
0.18537658211158234,0
0.5627938461587652,1
0.5474356925847009,1
0.4323268299759122,0
0.4896515380261617,1
0.5533217944051128,1
0.6161707601047622,1
0.31634842778414923,0
0.7742404458677169,1
0.2672654953753048,0
0.4172347382195349,0
0.42547413891012337,0
0.5725715748334029,1
0.5615671831625055,1
0.5920903060063628,1
0.46658656985430613,1
0.5345057627809277,1
0.49511833041200265,1
0.5369152746435429,1
0.3263621839302934,0
0.2537499585474208,0
0.5498016105302495,1
0.3400207023032427,0
0.5121281898537351,1
0.5398189524541918,1
0.20747308505407322,0
0.4461892581053383,0
0.1737269195217134,0
0.45789474045898126,1
0.5414048772457475,1
0.5563768762408898,1
0.6372859435030555,1
0.5238723575797763,1
0.6143601340134414,1
0.5214632706940289,1
0.613776494927662,1
0.4213177830615801,0
0.5961217748323888,1
0.7761859464147847,1
0.14847294101909303,0
0.4575503088988391,1
0.1960689524649834,0
0.2582897745713677,0
0.5248327957871088,1
0.5559154987656977,1
0.46696311459937184,1
0.591338303582004,1
0.4496930740733593,0
0.564400698864393,1
0.5604233798670175,1
0.5337814619935571,1
0.23425371123951705,0
0.5911718191193653,1
0.5727644035812792,1
0.6918007782712087,1
0.4613456285702236,1
0.32375968092465873,0
0.553324104662909,1
0.256347710847228,0
0.6824458933671038,1
0.39030264936275844,0
0.5993980460746752,1
0.29704722367938774,0
0.5949955886578504,1
0.6066959927429288,1
0.5447181353455683,1
0.7950447926786882,1
0.25907809337627297,0
0.5673365125474745,1
0.5530643016592033,1
0.24888737148828327,0
0.2018958810581531,0
0.5955926019853084,1
0.6040491269014696,1
0.5393129343321749,1
0.439840470350307,0
0.5931128585723205,1
0.4557731129334952,1
0.24973148488954783,0
0.5991809776838618,1
0.4657444983084563,1
0.44854266591330977,0
0.43445948313914545,0
0.4550729995223451,1
0.4657897988749343,1
0.6697285630619624,1
0.47484890554430026,1
0.4452273449017082,0
0.6043397732910806,1
0.5961561261056341,1
0.49044884789099435,1
0.1609782338985041,0
0.6133173182864677,1
0.7050750147934843,1
0.5076357348332448,1
0.5543848810133236,1
0.4451089373811217,0
0.5546654944559313,1
0.4544794071731627,1
0.37875020509736007,0
0.3238429099788416,0
0.5234412671997553,1
0.5968614034591638,1
0.5188835233628649,1
0.7873078469018812,1
0.2287395189717947,0
0.8057219793131516,1
0.6405088425140345,1
0.45751969140509335,1
0.2898289195563525,0
0.6649553298936604,1
0.45649277419808193,1
0.4504897651661112,0
0.25617497969130193,0
0.5460620427825371,1
0.2535593821981907,0
0.2010538896727267,0
0.549787609566811,1
0.2621132342261308,0
0.5448812818374087,1
0.49927759380132436,1
0.2566331460574132,0
0.31921216042617007,0
0.43994252266083494,0
0.5188615607294199,1
0.6921810155882774,1
0.45413372438822,1
0.49787376229973973,1
0.5976400058046043,1
0.5628181039491743,1
0.6121743213016682,1
0.5456822378859791,1
0.7141358015309676,1
0.4864358434219309,1
0.7857731039031256,1
0.4479947806355124,0
0.5307926116548739,1
0.17218290868359157,0
0.5667111969069193,1
0.26028145220506604,0
0.543506767237234,1
0.3203048722761944,0
0.5018491889212051,1
0.536953328571214,1
0.4890148471521548,1
0.7582252253707606,1
0.4527582456340487,1
0.43473324156814197,0
0.31774603089464315,0
0.4610330933799158,1
0.7124949130223355,1
0.3823171744380194,0
0.2615727091805285,0
0.44775435360017873,0
0.25881112854216826,0
0.36777180745699617,0
0.5587426305936425,1
0.6716754672543586,1
0.5838508810959411,1
0.449341941016923,0
0.38546228224344026,0
0.5064115264793821,1
0.4615504133561273,1
0.6923661958498742,1
0.6185360047811669,1
0.3745159857440093,0
0.5864827877772745,1
0.180514155185445,0
0.5284233954966542,1
0.4412103648907252,0
0.3720432952018424,0
0.4160701099844119,0
0.623682181334028,1
0.5513753691200847,1
0.3919170411914541,0
0.4771669878019017,1
0.7552114943607143,1
0.4450485174684233,0
0.5092184237561429,1
0.5584955368394944,1
0.44204919018680044,0
0.5834989859126319,1
0.7856747105295647,1
0.5124704335468978,1
0.4495953172644509,0
0.6878769349032916,1
0.2817923637541893,0
0.3065956894007575,0
0.3612129018782551,0
0.45153106071831983,0
0.4612358167622017,1
0.7310035583383636,1
0.16339663500568266,0
0.27816886005857083,0
0.6176725816950056,1
0.16612586708228,0
0.24371374402515636,0
0.15580583998547687,0
0.19036504075261818,0
0.5626112160222901,1
0.5845967427755019,1
0.17188613862701507,0
0.1772412157798935,0
0.2584216048150178,0
0.6816718625551724,1
0.2934838625118887,0
0.5692613117592444,1
0.2937829147945988,0
0.5185282539937216,1
0.5611415949170178,1
0.4736672062161852,1
0.45362054837214183,1
0.5384162558408584,1
0.537458696257602,1
0.44743963018042915,0
0.585336361450347,1
0.6274933201337013,1
0.4264810294086053,0
0.25160693212965485,0
0.5697468033737386,1
0.17552410694120524,0
0.7299559757488063,1
0.5419772049032502,1
0.7909929394540948,1
0.6115080316397351,1
0.48074831260686857,1
0.6561238904887655,1
0.513445469759269,1
0.5951319860784012,1
0.28997593933408794,0
0.567674336593868,1
0.686230303220812,1
0.18314786721999637,0
0.5020251475612136,1
0.2665248516562432,0
0.5062251890274294,1
0.46273600087127553,1
0.5940615757878774,1
0.25042687688805365,0
0.656583339685939,1
0.5403150049869253,1
0.18697477910769147,0
0.5419397139385977,1
0.2438717375734495,0
0.5956793300220757,1
0.30688911973794236,0
0.264424486535722,0
0.69655467731837,1
0.24797604741119988,0
0.5409358197845816,1
0.6114724911251191,1
0.4672211225772094,1
0.17314414499273761,0
0.5230958722128612,1
0.6269527040263505,1
0.5161851093863257,1
0.37339414536062826,0
0.43858560245886974,0
0.5047104627167142,1
0.2972825664627422,0
0.6011531021661926,1
0.5310260492600577,1
0.29763516594873335,0
0.36777240998460903,0
0.5953986397221862,1
0.5458630351594628,1
0.32667247608783695,0
0.37552217269069016,0
0.4739192406928127,1
0.359074777427079,0
0.2544720158885724,0
0.3266625510332956,0
0.5023682016423711,1
0.6833156136124021,1
0.517737648966868,1
0.5178967844919472,1
0.5562822453347054,1
0.45657871979642856,1
0.6822686103051272,1
0.529311063371495,1
0.6155907698725641,1
0.5467936680412521,1
0.48058819002558123,1
0.4910533603180003,1
0.5074626451669346,1
0.42159283935739467,0
0.3297314777215006,0
0.4825483971087384,1
0.5384029019185987,1
0.44847120334180063,0
0.7245185605814166,1
0.6182798347245256,1
0.5117143040823405,1
0.6866588250825244,1
0.7707759407912846,1
0.666416954661606,1
0.2569363511223068,0
0.38866422688078683,0
0.5037757344352312,1
0.652456549384878,1
0.718256805546855,1
0.340784272338101,0
0.5889329221143051,1
0.7075983951982052,1
0.5685359957793313,1
0.2771626224019563,0
0.5489522815843771,1
0.5952485336595671,1
0.2847045349402098,0
0.4802307391781675,1
0.33423279942742895,0
0.5355455572833392,1
0.6837860115199216,1
0.5885467457413788,1
0.810593502003392,1
0.5255700128435915,1
0.5377360183504623,1
0.3271216045024934,0
0.43280600779326744,0
0.4551407563397376,1
0.525137423962626,1
0.34280909108100166,0
0.3157185442069117,0
0.5066344854239925,1
0.5932335748286707,1
0.5644358906079598,1
0.34436892082903103,0
0.24866004201505448,0
0.645203880748826,1
0.27240830066843663,0
0.5806479312407394,1
0.5758931414800397,1
0.36935808513721724,0
0.4336210820187469,0
0.7587450092634662,1
0.4689781806402356,1
0.31129991774528715,0
0.3258690138994832,0
0.7695821146234885,1
0.45535515020444234,1
0.5826976341413777,1
0.5376443152649806,1
0.614657500664169,1
0.3694226909271784,0
0.44526752620390386,0
0.4409945720441918,0
0.580287885926931,1
0.40164254761738366,0
0.4310140682919308,0
0.7940167337710561,1
0.7218960367690931,1
0.5506278072306766,1
0.2317989465837304,0
0.4561821381029721,1
0.5291160455433527,1
0.5418984994401934,1
0.47044097212837377,1
0.14870137131051228,0
0.5634926023569974,1
0.25156044335869626,0
0.5432041304765732,1
0.46390148352979405,1
0.6096984433317703,1
0.4741131240060408,1
0.30834800298249926,0
0.7668655916434713,1
0.2969065531836262,0
0.5403420582476292,1
0.6725261403182261,1
0.4367535668466699,0
0.6195171943160046,1
0.26949612496086794,0
0.15758090290351853,0
0.6029027835928229,1
0.7938666909153671,1
0.6835447220687401,1
0.506319630076765,1
0.6316939754834207,1
0.6647952704048937,1
0.1577402052198287,0
0.5723818983819121,1
0.35996750543078143,0
0.4588237882066634,1
0.504538936702648,1
0.5758976896314113,1
0.16635125581649193,0
0.503411685270418,1
0.45123990883084397,0
0.5961430185478662,1
0.42618589420319264,0
0.45158017551087803,0
0.47848857262388106,1
0.5524013589229707,1
0.36571264072494997,0
0.45038766552081855,0
0.39647039618959207,0
0.5504942263267096,1
0.3748783525592616,0
0.5254734788288417,1
0.5971609859351543,1
0.46937379382922645,1
0.4831202373651689,1
0.5320798318708362,1
0.540015563028248,1
0.6295903240246794,1
0.7576091088146414,1
0.36902134125579084,0
0.25785452080999,0
0.4645559727871223,1
0.5803943070995714,1
0.4485275888075202,0
0.2429857643633384,0
0.18119143818972275,0
0.36204120254376504,0
0.6312289828081786,1
0.5522031924652343,1
0.592556239134493,1
0.5941635316227704,1
0.5180901678922539,1
0.5498967973748238,1
0.7214230704724167,1
0.44936959442378194,0
0.5195021448575518,1
0.4272470608844267,0
0.3596339226813837,0
0.6895683115638086,1
0.6765002694603146,1
0.36335464577355386,0
0.6599140663119227,1
0.2531535876355189,0
0.4717482260438984,1
0.5924481421409425,1
0.5646006654742692,1
0.2928036183943767,0
0.5070071824464752,1
0.5168741964610463,1
0.29179277500667244,0
0.6719551803157209,1
0.6113654200134341,1
0.5048444003131909,1
0.5350133322041938,1
0.26977966407854787,0
0.5826791691032527,1
0.4989843371403888,1
0.41455574789376387,0
0.5937721735666676,1
0.3173967610127607,0
0.5850031678454738,1
0.4644824324688782,1
0.5377786179573456,1
0.44385791238187333,0
0.25471830703026854,0
0.4705590191596544,1
0.6124910639430867,1
0.7254647421735123,1
0.6023063964960489,1
0.2931062118129658,0
0.6548010366939208,1
0.2662982161851164,0
0.5596784760037536,1
0.30092478860652006,0
0.611898077350542,1
0.5710633393345377,1
0.7185868650561656,1
0.3632952513873764,0
0.6196069968030701,1
0.4217766167442486,0
0.5405623597910888,1
0.5479418532321194,1
0.5249381277801208,1
0.5090213815233477,1
0.35687422099317284,0
0.36662786379485307,0
0.6786747696839459,1
0.5367590519812147,1
0.6259026478713489,1
0.5193139419011249,1
0.5147808383999146,1
0.25392777839873826,0
0.5235904245290524,1
0.5575322337005941,1
0.3463801852110602,0
0.5721266290615016,1
0.40738662225332,0
0.3149824416242055,0
0.1903468237039918,0
0.4602402881713303,1
0.24477312458022732,0
0.44335523038205027,0
0.45969915881852075,1
0.3251134985270031,0
0.3224345534419785,0
0.45231453598540117,0
0.40108126641596176,0
0.5921291891953168,1
0.2394088348328072,0
0.4493193788832688,0
0.3335157872071556,0
0.5164596812884982,1
0.5982467994003102,1
0.46370819667989727,1
0.5425233204710106,1
0.5082499324229777,1
0.4721418980065483,1
0.5937750991016143,1
0.3863905550390722,0
0.7807219689344768,1
0.14936518425148804,0
0.6148320600468077,1
0.5406282706503872,1
0.45782654197315525,1
0.4545591101737523,1
0.700041590442423,1
0.47598407276419474,1
0.5246051321539883,1
0.2632021170205368,0
0.4360963880580628,0
0.6987890427870007,1
0.4877678858477058,1
0.28419153862280555,0
0.4683314217647274,1
0.5206156951712638,1
0.4532518841040535,1
0.2580533908917061,0
0.5158017519938248,1
0.7140351660651273,1
0.5151081528459032,1
0.467193552603403,1
0.43458988524394776,0
0.19709594614383416,0
0.48744596006141516,1
0.5801615397145496,1
0.5444690744010721,1
0.44425816833310366,0
0.6811179638625103,1
0.46266803986542354,1
0.6636753457935594,1
0.24780816948455908,0
0.5331071274240179,1
0.6994446489552024,1
0.1732503941762041,0
0.5363659206626616,1
0.5247183089949885,1
0.46821393535297745,1
0.6004958663778401,1
0.2935828191124049,0
0.45969553038848177,1
0.5158088664944597,1
0.4371724716404424,0
0.597086543717338,1
0.32646925451475894,0
0.26689060569659373,0
0.7021168876281572,1
0.5632432467046795,1
0.3715012325901224,0
0.5507250313973405,1
0.4687049897600148,1
0.3718837928788062,0
0.4561469432629546,1
0.5775915458176482,1
0.4889130399916241,1
0.1835200111748611,0
0.4482451051482301,0
0.25377106873473104,0
0.44687414972123385,0
0.304793591080997,0
0.4620119570785224,1
0.39972834796678797,0
0.4543012410734601,1
0.5921943816685171,1
0.6749710728148222,1
0.5357493677425936,1
0.4500229425178402,0
0.7182957264372724,1
0.3816116849043174,0
0.5941007656457251,1
0.31948401495595957,0
0.5351448561536882,1
0.5354097865669513,1
0.28817329705340144,0
0.4624333128016352,1
0.6047575262153783,1
0.30665460152180435,0
0.46618330573296923,1
0.5039646336815974,1
0.662931032353188,1
0.7322926412391203,1
0.4117034445268785,0
0.3706721365794444,0
0.4530220240269577,1
0.34106046478821106,0
0.5528311066385717,1
0.659011022503192,1
0.3682667267612161,0
0.6659800059689269,1
0.6844534717029906,1
0.2521086831123283,0
0.44109561277750536,0
0.4547090364642982,1
0.444480681569648,0
0.4565370206053011,1
0.22862105231988034,0
0.7843262056373324,1
0.36427960633977025,0
0.5453225509538989,1
0.6922339743483116,1
0.6744657592703376,1
0.4786158242604942,1
0.3594153449749751,0
0.169581660559311,0
0.3187167240548044,0
0.3585587600684239,0
0.31363038207218874,0
0.6115897380348572,1
0.22135924720229772,0
0.6835523765091124,1
0.5684560441222722,1
0.46695113243380726,1
0.6324308187642522,1
0.5876308684406424,1
0.6854444876866813,1
0.4298117893881757,0
0.387397809710652,0
0.47321092538011167,1
0.526172928784706,1
0.1663172453664709,0
0.44569482393621257,0
0.5303820974314235,1
0.28535889483032656,0
0.38178970219074904,0
0.54998212781653,1
0.5221304588073493,1
0.5336737364238602,1
0.5611329675362626,1
0.5309545219501012,1
0.5651685627308198,1
0.33325452711415143,0
0.46981834413562334,1
0.556317968559435,1
0.6747255472470021,1
0.4099941503889118,0
0.7668035460523897,1
0.3418189353112734,0
0.5855330426236776,1
0.5285375651726624,1
0.5949802696998538,1
0.5519659193188663,1
0.2652409684798718,0
0.4455584462028224,0
0.5344969744635449,1
0.16487826038567496,0
0.5269434800324301,1
0.3466544016129457,0
0.4445194562562379,0
0.6947415030493715,1
0.46472085201196395,1
0.2891970084846488,0
0.3413784572054531,0
0.3318314390184696,0
0.7743330061210378,1
0.37635381302815923,0
0.2359336672058353,0
0.667415143715568,1
0.542541527987322,1
0.5963768039756361,1
0.3686533187822527,0
0.46088782959159386,1
0.7006509608469327,1
0.46802707955922984,1
0.3566441227961059,0
0.3028231519396756,0
0.4540339442849563,1
0.15177385361251544,0
0.5790426606593067,1
0.3251514586548876,0
0.3695983474331095,0
0.4559566889589256,1
0.2987569166699683,0
0.6523798282970031,1
0.49792066956923053,1
0.7011462930509982,1
0.15222357438943973,0
0.5136376765022823,1
0.2907893842408475,0
0.6280187551217665,1
0.27079676704707195,0
0.645845749828231,1
0.514788495010528,1
0.6059145613021812,1
0.482503635223639,1
0.5940065208211681,1
0.7963407089808295,1
0.5364139333423993,1
0.3915579164136147,0
0.23759692350173856,0
0.5565300287850895,1
0.49879657194795696,1
0.497166759460577,1
0.5919405782164472,1
0.6647614808197326,1
0.24693115075039454,0
0.5278319320867096,1
0.6484528236717937,1
0.5770734913082218,1
0.37656158316110566,0
0.5533419299376791,1
0.4744851392662421,1
0.45935386019998997,1
0.4532750196138311,1
0.5431329938514189,1
0.20699467213639097,0
0.4758683805520324,1
0.2535632621515109,0
0.7096282123744985,1
0.5470970894917981,1
0.29541812907321985,0
0.3699005725540028,0
0.5423961915269632,1
0.5143644518096195,1
0.5235253105153413,1
0.5176512395055615,1
0.4645480815876631,1
0.26002815465733436,0
0.536394727684885,1
0.25605434853785264,0
0.4483016781872591,0
0.5875598051266305,1
0.24964012910401967,0
0.44690507156725884,0
0.5497405318797282,1
0.41974232426619856,0
0.5348979126350415,1
0.3432155855488044,0
0.3792299282569882,0
0.6372643629941328,1
0.5468776140715608,1
0.7002168784460717,1
0.47378363129488177,1
0.6118781474560562,1
0.4494694619383787,0
0.5320122988918214,1
0.532994062771918,1
0.4566715986150165,1
0.3429781720179325,0
0.2757413491934003,0
0.5352970255381487,1
0.25710992982356307,0
0.545976875313483,1
0.421244702063063,0
0.39815238825862187,0
0.5857403838647801,1
0.5366704374003703,1
0.5394899425476599,1
0.37742250306511876,0
0.46432663510565203,1
0.5964448622312645,1
0.49335615056751275,1
0.14870123360357154,0
0.542790173137912,1
0.5865204372941033,1
0.3258439305597643,0
0.5543002123340425,1
0.4329550939413766,0
0.48072064353427135,1
0.7874608969081525,1
0.7660877873508444,1
0.4394787428836153,0
0.15240884207600108,0
0.5439475892052672,1
0.47035595591434237,1
0.4635288929263018,1
0.6083224494158195,1
0.5737393246852229,1
0.3666989186361603,0
0.24033160481016405,0
0.46497889670238396,1
0.42017680819028,0
0.39712979828224787,0
0.4754677883498211,1
0.532692518080098,1
0.4553006660865945,1
0.514794626939194,1
0.25608675904676137,0
0.2580296110726022,0
0.4512227755596647,0
0.20560132402188758,0
0.5226999992048682,1
0.5713955264866087,1
0.5267954146673308,1
0.3736083974443498,0
0.5705990607758474,1
0.5185974982697891,1
0.46666470311282104,1
0.3502114216749301,0
0.23696451820168918,0
0.5301504764750761,1
0.2854225923771515,0
0.6211375051372485,1
0.4010948830365374,0
0.326922144619571,0
0.77364920770228,1
0.669466459304645,1
0.5745915615662933,1
0.7010297259885859,1
0.6979156217548853,1
0.45358689036826405,1
0.4874198496491442,1
0.5788025924815743,1
0.5256971813033853,1
0.466006202602929,1
0.5226986618127876,1
0.732210835669447,1
0.4560582438017683,1
0.5452069920168522,1
0.6499435359390799,1
0.15403919592706938,0
0.5353404603690074,1
0.5740199869219796,1
0.6680540296580065,1
0.16401194915046952,0
0.45565950078386597,1
0.5954218818796293,1
0.5413949434782452,1
0.25306276777469305,0
0.5052146667856521,1
0.5995946391217676,1
0.5924085147761842,1
0.4579285734642873,1
0.5071977891773303,1
0.6473728841928623,1
0.4198447038889374,0
0.605755997588116,1
0.4365405099877441,0
0.5729539592793285,1
0.31888156267826856,0
0.4515291744984319,0
0.3005275840974112,0
0.24886614175528066,0
0.47893370451155115,1
0.4460510091752196,0
0.7002535005711557,1
0.45014296290201733,0
0.44804155829267356,0
0.5635204275964754,1
0.5010605500719528,1
0.6018448613875181,1
0.22747097175695596,0
0.5106828785760598,1
0.68801311560813,1
0.5505185194552492,1
0.46327460130321363,1
0.46957939921764064,1
0.45035612409575665,0
0.2595809658928995,0
0.272631815813826,0
0.6539572434772513,1
0.5687158487090579,1
0.48508047394447296,1
0.2574502202343483,0
0.7430443145848784,1
0.6059114179537141,1
0.5898860614810367,1
0.5844244550039073,1
0.4716509865766495,1
0.3919916851656771,0
0.5853177143466987,1
0.3718600449479756,0
0.4053887100954827,0
0.25642182426637083,0
0.7952672867060261,1
0.7007794417896382,1
0.535463591080693,1
0.5199275405487922,1
0.5138115071871797,1
0.24041038274541573,0
0.7166267593515656,1
0.6208840866671664,1
0.44801060929580067,0
0.3612061681314519,0
0.5232133838323852,1
0.4485014929994653,0
0.6558606956067938,1
0.5015326683405515,1
0.4495558990867881,0
0.5907395195789303,1
0.2766260437654513,0
0.4838651376976865,1
0.5616226024296299,1
0.49826150818884873,1
0.2621162159081444,0
0.3662396159576494,0
0.5008504065139828,1
0.5853947982388858,1
0.32925656281425425,0
0.5960551948299249,1
0.25017734340724745,0
0.3457678194255331,0
0.619086906207828,1
0.5022166550330517,1
0.3584033725822156,0
0.7187008072124583,1
0.5981823254876376,1
0.5313158756884395,1
0.3602607262944105,0
0.5281374548657524,1
0.2518332282708559,0
0.6255668984023504,1
0.49270216581268783,1
0.5961293315686919,1
0.5734265514772062,1
0.5877787301201332,1
0.5312975081350554,1
0.6218094256860541,1
0.5443417895996535,1
0.3398266099726071,0
0.7198999913082941,1
0.7199366369593523,1
0.41878543544936814,0
0.5227900172261626,1
0.5328557387491506,1
0.4721368083507295,1
0.28265660034302664,0
0.6013279190546832,1
0.4619017758499143,1
0.3261367435762845,0
0.35372563501727167,0
0.5994521632437461,1
0.5923649693413013,1
0.5781145527501906,1
0.451937427749174,0
0.7548165944143134,1
0.4528567012222149,1
0.41723711126279095,0
0.5966633113009729,1
0.5548090625998768,1
0.5755893672716471,1
0.6776967907828343,1
0.251209730680241,0
0.46440656772490996,1
0.31420996294556064,0
0.5785642590956139,1
0.543619424113168,1
0.19578851884261214,0
0.6681269938803585,1
0.2583131708847994,0
0.479230643830129,1
0.481645170286927,1
0.2956752460679176,0
0.3465020227906225,0
0.5433776733952023,1
0.6515667015068287,1
0.46444815127428524,1
0.6328528986221571,1
0.5036204142114875,1
0.4577536916285679,1
0.5834000923632875,1
0.16247280295102492,0
0.6060389461402391,1
0.563376576098545,1
0.36789157504287046,0
0.530044787155202,1
0.274379951997634,0
0.7097282603711134,1
0.3259820982888242,0
0.5982320695379502,1
0.5371258611848002,1
0.5206615944813628,1
0.4902983523303474,1
0.4555872189264099,1
0.5276954057428058,1
0.4957357553389634,1
0.63522343640125,1
0.6142801925786611,1
0.4498079739089052,0
0.3900396515128687,0
0.6231196685248352,1
0.3576753134224619,0
0.338028583997258,0
0.5308740214875125,1
0.6807979348020993,1
0.31342671727890054,0
0.6689948018952447,1
0.287271252878379,0
0.5906492066053528,1
0.5163813517446159,1
0.5965875140200996,1
0.6785869897877072,1
0.58046847905354,1
0.6069903150534347,1
0.2584840647528118,0
0.5521422739319151,1
0.5651749820951117,1
0.27041057052019757,0
0.46284145613372224,1
0.4503071899378338,0
0.6851094923399148,1
0.16814849122489647,0
0.5869641515361597,1
0.5758227596369362,1
0.7962533766130914,1
0.4415516126608323,0
0.2535951494621143,0
0.4467646715753248,0
0.3991191485140892,0
0.25329011539451585,0
0.8010669602073702,1
0.5886072939247085,1
0.5388001934939189,1
0.5506187221656599,1
0.6046710522244989,1
0.3760245165958542,0
0.621438365042727,1
0.19294714092127283,0
0.5922533335046903,1
0.5425722808377377,1
0.3005721893461326,0
0.6903031063788827,1
0.39283594232685165,0
0.5461587148061049,1
0.46308165522034944,1
0.43041982623140257,0
0.5041248638266647,1
0.657662072484399,1
0.4463054430436274,0
0.593597461416089,1
0.461007071668485,1
0.43102907761874254,0
0.24927776759005382,0
0.537238118643353,1
0.56296690131772,1
0.2546828162889717,0
0.266201454627864,0
0.4871586352592188,1
0.5077052880420241,1
0.7286792903897381,1
0.48391904778154754,1
0.5305384408201363,1
0.579994517944115,1
0.5027507556705596,1
0.7969593522223001,1
0.556645958924745,1
0.2699736823657632,0
0.4502684784637584,0
0.7177311918602243,1
0.4464141276011347,0
0.5629494124468108,1
0.2016133613670478,0
0.38100451629312154,0
0.5965484663363554,1
0.24140593657745357,0
0.3227403336440894,0
0.5972736847528457,1
0.5513817566855939,1
0.4280989277373429,0
0.4988617052165975,1
0.6508838507179657,1
0.5166597435576797,1
0.6290416598055213,1
0.43767359246551557,0
0.25876669442259376,0
0.24601620086621778,0
0.31977439099376975,0
0.5256892600793666,1
0.574668120214104,1
0.5512757829995102,1
0.4625824251957296,1
0.8063357125493565,1
0.32778517246218003,0
0.29811467098433064,0
0.5555843396912716,1
0.5393836309680893,1
0.32988716085642233,0
0.3226807994162133,0
0.6633217061298161,1
0.6282910939113272,1
0.6990695165700765,1
0.2364115637478129,0
0.679534215198924,1
0.4072446824601213,0
0.6480386451909086,1
0.3854485667894408,0
0.6911341510304879,1
0.49294852558925517,1
0.5281502148501805,1
0.6669308500358896,1
0.5908897004856305,1
0.47577526074177684,1
0.6976139289095546,1
0.2035258599820222,0
0.47536815359152307,1
0.46062962342577995,1
0.49987753267980123,1
0.42925528361517556,0
0.4885219961624493,1
0.5443977386016022,1
0.6011015334481716,1
0.3638960109707843,0
0.3637058014460767,0
0.5412493191355056,1
0.5138610512597378,1
0.563674732233808,1
0.5849377723630532,1
0.6874791767762791,1
0.5515627610857784,1
0.7117395026781718,1
0.5213761291967197,1
0.5497868362244136,1
0.4849394134675646,1
0.5511489701097946,1
0.5075127421743169,1
0.5194167559713837,1
0.31547046269482837,0
0.6271896363677426,1
0.5481483937095877,1
0.251842051281983,0
0.6092813402889838,1
0.5286383387945973,1
0.48929943712129426,1
0.6011021138366025,1
0.5293718649556334,1
0.4490299506902094,0
0.5360617883557933,1
0.31492999750832357,0
0.2634226198464656,0
0.48087694001894465,1
0.307950221817703,0
0.2639965659205042,0
0.3864072322074677,0
0.5197949202639527,1
0.46328103811101756,1
0.5878686448417495,1
0.5815794653492534,1
0.5546716366269395,1
0.5874307330340792,1
0.5713850287431274,1
0.7936996541877779,1
0.37791898849931777,0
0.4935760787895396,1
0.7734119785793062,1
0.5612712744078718,1
0.5533996706266336,1
0.4578664817617679,1
0.4460274214975745,0
0.5473822860576206,1
0.20405834231059214,0
0.6764226157038759,1
0.6031062019795533,1
0.5069710211766125,1
0.4692120936103658,1
0.7503554495380494,1
0.45832131100970713,1
0.45056043434893495,0
0.4412597861582619,0
0.5941704203377203,1
0.6442904860801694,1
0.47609552778427683,1
0.5384725121067645,1
0.4582924067905133,1
0.7595094489493216,1
0.3634127789474787,0
0.5998849654224746,1
0.6448791427230285,1
0.6725105853617934,1
0.7889117298432333,1
0.31810130665895586,0
0.8074664896601251,1
0.5135636222714239,1
0.6232089088799463,1
0.48440424586822817,1
0.45630366673012807,1
0.5615650349368477,1
0.5871314271160377,1
0.5807925881581238,1
0.2636898755737353,0
0.4896728849351404,1
0.6018099483344549,1
0.5056771966236081,1
0.43594177631158176,0
0.3574630540251598,0
0.6059893666295743,1
0.6096411830298408,1
0.5649887237382327,1
0.49707142048443076,1
0.4523192360000104,0
0.5569704204700767,1
0.7348397416881967,1
0.7253615535792833,1
0.5021333198532962,1
0.5285344683092329,1
0.45460142294129535,1
0.4238136316555807,0
0.5704831291754477,1
0.4516725296795025,0
0.6757779404509121,1
0.5349435998069125,1
0.44419495815704885,0
0.6959162633648026,1
0.7747613157413988,1
0.43496806669392424,0
0.2563853402659425,0
0.5836585312927547,1
0.43663263061477486,0
0.4796558350396457,1
0.5300620809110129,1
0.5777597525534904,1
0.6097716913102113,1
0.5124053369540073,1
0.561477520422305,1
0.4963333012371889,1
0.7754512963805301,1
0.6239609706712019,1
0.24301260111637266,0
0.634805049899581,1
0.5304861751411315,1
0.6559044229781175,1
0.5383729184243518,1
0.2739496443320094,0
0.14977210204414948,0
0.4697260139858337,1
0.5010506466469843,1
0.37163164539933063,0
0.494477018986139,1
0.3417657655337839,0
0.45998399044756705,1
0.28493712733132687,0
0.5473670523733499,1
0.4446033463002093,0
0.2623457131380534,0
0.5697085955199375,1
0.4107347388906627,0
0.23710534182556994,0
0.4647673760863904,1
0.5022694974723487,1
0.4562103517775528,1
0.5269084074134823,1
0.5456194198473147,1
0.7655983462646212,1
0.7072545445435222,1
0.2532886536484,0
0.45921864076228125,1
0.4570807441021904,1
0.7564660763830066,1
0.5707442967457833,1
0.31411403323419107,0
0.5039308642828191,1
0.6180758075525794,1
0.4677042772876669,1
0.4373003549873497,0
0.5565610184262847,1
0.24948674125246184,0
0.45584718784328204,1
0.24809435739941885,0
0.6535430490101376,1
0.418803256130075,0
0.1828516528843165,0
0.4829618342396074,1
0.36532865008658766,0
0.4771337155662312,1
0.5594830950095717,1
0.500682328021956,1
0.32425457398628904,0
0.5845110497235544,1
0.6927837529877017,1
0.6368714052990531,1
0.5467614799995082,1
0.4573405950573242,1
0.5341523428627817,1
0.6002085619062945,1
0.45286810957556783,1
0.5934181564868514,1
0.5403514221894785,1
0.2612811253194201,0
0.3997464498988296,0
0.5515303865299883,1
0.46389001851402045,1
0.5408386915144553,1
0.452034793634629,0
0.4920456735624468,1
0.4577367431333194,1
0.5008802049425944,1
0.14827773620717732,0
0.2919434092627228,0
0.26210141233955264,0
0.46421755495026,1
0.4462993845198351,0
0.4854567045331446,1
0.5692774494123884,1
0.43246060519726665,0
0.7170400789407353,1
0.1593376852141293,0
0.4508208901447361,0
0.592239123450119,1
0.522470424832303,1
0.5332987273133346,1
0.6293781105117628,1
0.2688780588314298,0
0.5242660907187364,1
0.5294273960883062,1
0.5344208227847483,1
0.3589504583359585,0
0.5944886545474531,1
0.25060373252797047,0
0.6620199721738858,1
0.2671766171325967,0
0.7096803154000746,1
0.46709083211001123,1
0.39921612222679614,0
0.3320621605749937,0
0.5058326393560837,1
0.4659050750162797,1
0.528790911177881,1
0.5368888239780568,1
0.2760652320111072,0
0.71284999395203,1
0.5111519510497825,1
0.45753660691298603,1
0.186286062195228,0
0.24313417174016044,0
0.5933679332272547,1
0.4464334360514967,0
0.4619967080451491,1
0.6436954170041701,1
0.5607142780976445,1
0.3949731029655238,0
0.527671061821711,1
0.680767450027732,1
0.25507331823994356,0
0.16204273871931363,0
0.45454956044063183,1
0.44868301791247384,0
0.5985800795370521,1
0.5872440206034244,1
0.5809789291170487,1
0.6140793871126458,1
0.5196223766615372,1
0.5167286451212784,1
0.21199340244736187,0
0.7086670797850153,1
0.4806373999022744,1
0.5453205811951949,1
0.6336757889373908,1
0.25604750499313556,0
0.4406237750983765,0
0.48392422785149897,1
0.5243828635724448,1
0.5358622665094293,1
0.31977646252589104,0
0.3676274943401016,0
0.6021315955018935,1
0.5181732398312281,1
0.5249144805893076,1
0.3200506579959087,0
0.5459913308588432,1
0.388285893552825,0
0.2552801927985466,0
0.6621130622010004,1
0.7279050508402094,1
0.3633502174134167,0
0.37892771095359573,0
0.17594708374948198,0
0.4378798289577767,0
0.18201001694121938,0
0.3735924228224939,0
0.4732214948536355,1
0.4523772024474784,0
0.5019693556295209,1
0.28239776831789937,0
0.30277818585552346,0
0.29974982164249286,0
0.5374794625350027,1
0.49970216897731917,1
0.43680146838270983,0
0.27871562371036585,0
0.4892482890994526,1
0.4624822250753238,1
0.44194077447156244,0
0.751390813083947,1
0.5669462461267644,1
0.1725852357296678,0
0.6079153430988814,1
0.5837680154674584,1
0.5328704353519254,1
0.3769528327891228,0
0.5158029019937289,1
0.5350043523081888,1
0.33629509066510227,0
0.46337708832262,1
0.6521498688291729,1
0.5098345431445248,1
0.2899996811753011,0
0.3247294997232518,0
0.26760913658843866,0
0.5026836328694206,1
0.5961030289658666,1
0.25362499018791484,0
0.46617214703359894,1
0.35574942315977814,0
0.24426159993291696,0
0.46404632213887775,1
0.15290964724053951,0
0.5976242706820483,1
0.5069792847329988,1
0.5040115166568718,1
0.46625929259240695,1
0.5607635992015175,1
0.6606221301544711,1
0.45219532592178713,0
0.5277982117122978,1
0.2772954598067976,0
